64.14073121675399 189.31493042387083 60.13829210820364
165.71213854045672 125.91588822338583 24.505501383107166
77.4846993694957 127.7699578312426 21.480408365410657
64.20056190275278 181.05266226227485 59.645030374170865
34.97382164504715 132.18239589554196 49.16461123726477
157.66156690398668 176.78088888262576 8.982503284780128
185.00835877428779 201.0637533836495 68.9086553192045
97.2052329503718 199.91887463596674 40.52339741546645
51.5514852816339 107.97432029522798 44.1926313900829
45.19090457277085 188.4458813257144 47.523503182300466
84.12347470007262 210.04741744151227 55.96037264822521
234.15617796841283 147.8269246226321 64.22852967556011
90.12758580557053 174.1418337489978 35.00602261953906
166.01942776982256 177.88460851280794 15.973337239562529
65.85410239451902 82.81369757707962 57.31096546776946
57.08411242848138 105.30846909508377 33.89805011767055
100.56091396707998 168.2643350737041 63.66026757254729
68.07264919757141 173.60583944096848 34.43393123368931
234.37258516379964 126.95210159780764 62.393083469029804
81.37663179892898 200.361399914285 22.157688605475595
159.86080745284337 184.84722818338827 20.480523170738678
197.12349714266563 173.5943850454858 66.85899077077099
156.71945408204414 152.0657507805196 10.928978832687793
75.61772363216004 152.62599917683642 50.001933006828736
177.16731816412013 196.87871125239636 37.40316846296297
65.30435440804845 193.6396363370023 33.53897028586855
177.013526238702 189.44367689015453 76.6717441422093
204.64623925283803 140.8092373243022 37.47129125620162
221.91675982881586 124.15808354922162 39.391293493445595
80.75238749465129 131.87199401331958 22.40182804425717
157.15446623861496 197.1013265200938 32.73588375006606
195.12557664225997 176.63875797695457 31.93002094472386
170.61289423077278 191.9120350312034 69.4296258578478
214.9495325777459 167.5398530566523 28.836141536222875
85.47770125747098 199.66393611142612 31.94618471485502
49.15511608661489 108.0146638127438 37.02678264716558
79.72489035067848 104.7432087462501 55.27408857378288
64.74408452592888 194.53972560557122 21.522061543908077
168.90053647194895 196.57333688338375 66.1054818731025
178.28321767423574 175.7852138410368 17.210607819304094
61.804497035072096 122.76553987508059 40.02409770447664
80.79339985908673 182.77210700046138 13.008629766800972
49.94744705318611 170.91067495003162 54.02488612021598
50.735143237684255 165.13911331210224 50.280295812641874
85.6286757413119 189.4638297437452 24.854006722882083
175.01544234793676 209.00533064808508 52.69721324663578
180.51517723432048 186.27067020856688 44.030825022073174
224.96345825502883 163.94370260441409 62.16865620999531
200.9976839653436 142.9998538066123 43.99916611814379
51.02345859408995 190.02822011816158 66.93298522154923
88.95062533109223 205.64762340196663 34.840126852366396
196.92573091928583 171.17735497750306 35.93414411788909
60.40572051104176 201.92934374044597 39.94688298112504
175.02312467896712 142.30317074420086 29.250472403843098
191.1854584463576 165.28218082437562 73.59388970708459
203.15246924888814 191.77065019601397 40.01070687101984
187.82626162025954 108.359386147351 30.25781114621916
190.00354214943994 167.9903413723258 37.58325654906925
81.96695155750781 193.901769432776 51.986226951706605
193.97688037024938 105.93858120851631 36.153279438424185
55.49395010033945 142.421762419257 24.242407541893538
201.84320106623758 200.04664141976522 67.29573038106803
190.3294968891743 185.41399538521736 48.89893863948209
87.41500608120128 210.83635905376974 33.09914880777179
174.02094833106563 159.36272483026096 26.689533534231316
196.58840738356207 143.73714980705634 27.076015422124676
178.48768920390307 90.2240611395207 43.97668789381968
213.25386638435123 150.9508724646828 37.58343710190089
197.48615397659418 201.75264486793796 55.83846457796802
77.9375854099873 173.1022057440184 14.859120430709927
53.21530840302654 190.48487097765354 58.53776420003969
167.00070810081803 186.9987746576377 21.00021045342174
43.998373481352985 152.53327832116136 62.67241273519671
167.77800187213455 123.14551296359616 26.21822402877143
95.94101085295905 185.96091387168372 48.50368246637893
72.05006011047114 193.2395941055268 42.00590842529528
170.06271024002012 168.75015685528754 22.02055412568806
92.95549277752663 175.9776955844846 6.802535233700013
210.39851122362052 167.7412796635596 58.532756609533635
164.6314889074851 204.56378988062963 57.171046911766176
99.72569282452417 195.45307590378704 37.16526509417955
191.47185423744511 181.65303507239753 13.93273212084983
180.86533608769295 202.16136896460714 47.28280730581889
64.90792351890482 134.00914313875288 24.344902165808215
41.29524991156232 170.61291087475746 52.238055931349834
214.9246770173808 169.91557868907364 44.7654293875874
167.68019731257047 121.86226850623345 30.008502762393235
65.85431300908056 185.45855527898624 68.10015189275857
92.94359483649048 154.76065806635674 57.13710737155329
29.99721211263015 171.9506500144398 65.84593332125657
198.62992699397284 142.02277208283962 16.620176058905717
61.96390506354511 119.33022898120609 23.47294892801284
180.61242232067409 205.100580909547 58.15398076992304
66.06076502227025 177.9256828790077 50.94047696537329
73.57731161870397 212.03869854982224 54.39962576840445
199.50835279070043 99.79940617895114 43.75354998993885
53.04699921758748 182.65701681831283 38.78703238631021
38.896016051392934 133.04435546546236 47.73987252764749
202.68231892658156 185.58849226043702 53.02503323029454
185.0309620161978 97.96373477549983 44.80292790244312
63.780545800502196 174.45333657544654 30.286571965462354
96.22710874482267 166.47841817836243 53.133541404760756
67.57997307806923 132.42799535730492 35.07231840373262
91.93976782038138 191.1138095446658 43.64293741197163
77.26062275217632 142.78564303911062 62.3943073853007
66.36125639676739 182.37820058569315 62.7113115266256
65.51896196119908 203.58224608752815 67.5737094617649
62.9997293774781 194.5463440070161 69.68486444594011
66.93501325851759 166.9954854189522 58.904966868963605
171.24391256215594 181.18341558929484 7.222211335534699
94.25084653940527 174.42859165859443 7.247090221334504
168.5707067828344 141.2626893081823 17.96808337497809
46.16435773345025 176.18826200990821 25.169432011268356
78.89742555386216 183.45888561320223 9.376599611866292
53.03364220077574 96.03288809814394 37.764675476049156
86.27281956293945 188.5945859319326 30.920174451976006
68.53730472718006 77.71460436253199 48.71373638739205
23.838723036734926 140.91228757712648 70.58899472673386
75.99577786930533 179.99752107144388 29.000010181619697
80.11348157660804 89.053676827401 34.10265603289178
65.2347776270405 182.98985659757312 62.28713569634834
56.09793104734313 187.8964892178963 32.53561086006977
182.82646058610823 128.81715974133516 22.02831901209308
97.12424349970489 191.24021827792453 42.6797494853764
89.04480822191509 88.30082164190416 37.59526732198864
84.02980662655861 212.048209841608 51.03049877780006
57.212143698913245 119.8501422828098 49.378494768417156
80.03018835009807 128.280658809433 38.26994984820018
183.97597672026143 190.10462824182426 39.84328813233546
189.50278781496567 160.59501465952448 73.11018748474876
202.6450922908323 169.827383871386 16.703647929096856
172.31242398542705 115.44285028212249 30.74478888979285
60.011580462226775 168.88244567499657 38.90388897188549
224.10403033535195 170.30647013284786 45.81686443783976
192.9053429400172 191.2520951873115 64.58433953587732
189.90704938568365 123.6505788952459 41.418999457536906
80.67153750145332 148.25918768298894 55.10211658677035
165.35414783173402 192.47093747246356 38.55461191068141
29.015097541590755 115.23289283116371 63.29556611243853
191.66179661786424 107.27300402424076 41.355209183356386
97.92963560521679 172.64527419263933 39.340799068380356
183.28762350356573 118.97843850519189 28.76994830989044
200.02844588571676 138.98954300726885 14.333898538047944
177.8886864722662 175.78475996233914 14.696487074533424
93.05676355237098 182.3366628997299 65.35302824589458
80.20126993731047 124.26093362639413 30.089762155525687
56.25586411156457 164.22254839005447 61.20792985722855
180.80169208877797 200.5253151932634 56.21814540923317
229.354615521196 113.19559316566621 67.73710291908112
170.94280025678833 152.11588761908055 74.9684272199664
196.9304847929269 187.9421064572569 21.160755363544304
181.63627272901923 200.49917120520067 34.85727760049219
199.7092974163434 182.6649159235176 77.84808936096015
162.25728830842678 191.1549394103722 52.215115979064315
32.67852557647175 145.8930700641279 65.79390665410962
83.38261728072902 109.86452142531357 42.57778247629949
73.19639937617106 172.3184432362968 7.222794929853085
191.7232607719113 175.11249557912575 49.81248942337558
49.386223361236624 167.61684771474393 27.358788187398986
183.72024961831968 142.18818177384065 43.62534822949576
82.06597544652436 150.16956641471918 53.64059139626137
74.0999158820873 98.43773271335425 50.22461876400437
220.9461334602776 156.29774073711516 45.78619645015346
66.05312426702636 145.90334487406597 28.425733374637193
188.30239012965086 111.78052927915068 37.10875696005586
166.5345455760804 175.09995159191365 8.07218726811915
90.99782392149038 93.26115344358482 51.223397989813975
85.47593070665908 202.06209575184923 71.79730938603464
74.52111846948581 194.24482062365934 17.889937912672927
64.17377925436213 173.52141265113886 11.022020780602908
44.645488356019946 172.2796466065455 66.49717842109605
94.93380337011102 174.48128911214877 8.247843145273903
163.16711135226095 148.82368385081156 20.372629762907454
207.42744346574622 177.831994559605 33.91581546952428
177.07525558785886 188.6558356372223 45.54353045580905
196.70604506546206 159.01347112940866 46.89992109506592
75.11865549729907 151.66290205311768 50.877415937155206
213.99890338927048 141.0012203820323 52.007620616915126
67.63696871704695 183.24943762933614 54.29995861964188
80.95410050083144 183.38077774344356 28.46829556892413
186.96818527665198 157.09338191594708 52.911733665858456
225.26835861899977 117.20469971228918 64.91958973319853
83.58943584786427 194.13036637327383 73.98732581317053
65.9393904641254 172.1278815895284 11.450835870212861
55.98197690034238 194.00449885461754 60.76748818166588
44.81184894278461 187.7265671556568 61.354157393599266
79.99525262389747 162.00104167291317 12.745174644478055
101.45448382526762 179.6592851546303 43.43664205119055
81.01364969791398 193.9698040851861 70.89495040740084
168.47961218447304 173.02348428188222 32.342226861884086
65.0086875356989 188.98156162225857 58.918280685349444
89.7947260703186 93.39744709709063 50.442744452143
59.31412365100793 175.00533298505383 55.366183090868184
216.10975087037718 156.55891298643692 61.64687208929361
190.92404260898937 168.6212472540573 29.035854257370133
58.78345636651054 99.09938459694025 53.257302712214695
52.48552947229328 186.8214802717225 72.50083214740071
80.02643907515274 211.36287424208817 55.83783799093098
59.653855136396224 194.28538535965734 60.97617344046353
89.068070634494 161.22344638959635 18.114862450788692
153.79579362580824 177.44014534826476 10.856753552932004
62.79563152198205 165.8294583932746 63.92816613833015
185.98740623159256 91.11543185801176 44.00002026857514
78.10821511243635 128.69175907642935 20.25917815026336
103.13892427685029 168.97914626386483 22.101364775863317
66.47289100942112 201.27319184808897 50.75185367030829
212.7705557903065 198.18899591622346 61.80034601005297
89.3489065405531 181.475960519426 9.633713640984066
81.75912976801368 80.36013419215844 59.33059716975518
67.62888394181287 191.5592658605389 71.69806368379389
89.3839681683736 88.47335109373005 34.5485444633061
69.72878714313785 170.53563437001512 48.82988696695948
86.90555303705848 97.97663939551113 34.95116664437526
214.9076713036216 139.94864179072815 26.110315068828143
57.66517082923911 131.78176016518728 57.98965736969058
40.996179458110724 189.00077619192547 52.08356320056316
107.76384680570371 182.05050753322664 28.252031354298587
54.09171007459203 143.84994809964823 45.7262092686668
154.96902948385267 183.03899800223317 17.775895238717897
167.90276033246235 181.29915672772682 8.971597416101984
84.07693751361444 96.86628693013957 43.8815060747782
50.970594795542794 149.00897686941488 32.006361382136426
203.86780062354916 180.62676014279646 31.507688669928644
167.0083328325688 124.96615350762895 23.33717208505521
84.06087518424505 171.68635336780963 51.39690487285128
75.14965805095362 136.33593150411846 24.953753117182877
38.799697407645084 116.9648165612463 52.363600207932876
202.00004493833745 161.99983667465295 37.821907194310114
58.88744831030197 125.7518150572792 25.510411165210975
185.52172069709425 124.43226580224209 26.489690799266295
184.5823976158886 174.60618265213103 49.90626580251957
84.00855012369801 154.8112073222286 29.554140716304374
173.00138143200746 195.9990280464246 46.16172654967404
97.99920838823789 170.47356844468123 73.34867696358774
211.56221802067898 109.70223996752513 58.24033560800915
46.18403773742126 192.63587457151942 71.79140903963207
174.80483708992955 172.70567720873598 59.28664341132338
54.53878034873733 182.12643077326334 71.53420073851163
166.04466485818884 194.0833753016365 13.233013942498856
84.03099408858215 108.35490045544758 28.597086548748592
177.65568551013047 188.7985745873801 79.09045671972206
208.9456184240034 141.3751688267295 58.04602983661916
217.42035480503907 134.4491617225658 39.349225722861604
183.09530263097935 172.78383045783784 52.93275757569118
76.46437716116483 104.38573981012426 36.87875245534842
47.940973427003044 186.04035031689125 34.486442198717896
74.57433176098374 113.28620669069866 27.327345070922323
156.9978211007797 164.0022195985484 11.575013968468891
181.82509201784256 160.2982587334875 39.10638879730635
59.31600244188169 164.4038410650889 32.20188965350523
39.106440811322955 186.71906768649885 74.09602719882179
195.6232023917871 181.99354049271133 42.8389970432294
100.24546595321195 169.22571997290174 64.55877702944731
51.08307484878506 113.60661353800813 37.46051530580671
201.40631338091185 153.53820153442106 59.65645576666407
91.33488768078273 192.12777566674725 79.82397168911682
205.3299106280274 158.52907893782188 56.36852578895872
192.857195935707 162.92355589764648 74.72141662617493
178.06534346165978 196.88885997455736 62.088788384826735
199.6725732154426 119.27346581480893 52.619342120316844
179.39195237989398 88.88399300273362 41.49564143087255
187.7954501905787 157.42240070923773 70.77926652759409
103.57470520898326 166.1173141317951 8.551412132622417
194.99711810712986 145.98762802949588 40.011633720233334
90.16976710157526 69.91685708194487 54.88239436710144
166.83358335552708 191.9418369069886 67.2493938873499
184.96990208294443 156.10601424239698 20.07571146599282
182.97252358310243 132.15441695960618 38.78204448045457
83.06169471698055 193.56991118115423 76.63767890245241
172.72577638309141 191.0820600258898 19.75583266217101
53.941813521693426 130.742809067363 44.66134672955914
83.88769867081258 149.22037021323408 63.55686212126448
222.28350336638184 119.42107724061685 63.84687498732223
217.4487281317297 158.52453550681918 65.18061769973998
85.86405732407356 145.12326562297312 18.868909530335245
163.96548300242765 191.99609016807554 25.983143179146907
64.6668569759809 145.24237514035838 17.728480271691506
198.08323196664998 148.83950493144124 40.439651353934785
179.87749543533238 125.70240003214938 41.632737981147635
75.55715460250704 210.79552882652726 34.77517875168632
226.5208655131004 152.30516097347734 43.27897259496753
94.33789076575009 186.26527112453994 18.522060788420976
222.60642088140924 161.18010661114084 63.60728948095031
56.16592686128201 129.1352378387173 47.34501960852038
85.00937556375186 116.0167329407935 30.01639739290125
64.10271947585613 207.77906770465168 60.73872087684647
185.0262953251253 162.84069506723037 13.304496946336835
38.43877973001193 175.12818418649832 37.57929215865219
104.94432437435147 171.86299565447106 55.860910663074726
205.516001983844 156.31205249508483 36.406102191555924
67.031282287236 177.24367930410426 58.06304992568364
188.46524190164857 178.87641179164456 16.72885782288747
70.57950332370791 197.70751666791492 25.75553682044848
34.69705316059618 139.5187731835454 46.75392567428915
214.72321826235864 150.73019686789456 41.34707197904379
90.03260955749411 180.43483602855838 67.59352668439584
222.6749735801655 141.2384911110443 71.57095933171523
76.32122212969179 206.81852565833614 59.40007648079535
65.31491890799849 108.91556177127359 54.10392885428392
222.95896879473548 129.92055367900713 58.186187971010554
