211.0355126395358 141.0469157753435 62.970879632517075
27.968022934002885 132.00607667530028 69.85178617269257
64.13174777037976 122.19824884203732 23.085497971812572
104.83341991413998 141.1826334946186 68.75743930543422
166.70074336816018 164.84018918853394 52.52811755418085
182.96095240834066 143.09200402908806 19.166430324929454
216.7369275326385 136.184511628797 32.44488097311653
237.00544542954398 115.01026899835205 49.018100313521984
76.24871980816127 177.18989546743884 70.68930709803507
235.45418787469444 106.92117908635758 73.63348957623442
57.27801811328757 132.16835218337272 23.719056057901312
93.000017053757 58.9998860092413 76.995825494943
96.007812241534 155.01954047984276 72.54992144132352
103.00652016137285 79.0095738378003 45.47422362648347
96.78013192172907 75.39476646779922 64.78536815226987
178.1566793361942 116.22013267909709 22.744137418831063
168.8227582668056 167.9151953739128 41.4307199531371
81.84462283083052 62.000005697920834 72.15295132277134
84.72003353662375 168.52541317893434 61.875811547399046
50.44536970280069 179.22628906377918 71.1285450769866
215.72002028286389 93.17115413274435 55.031651907317794
185.98301906153358 132.51573353393474 13.343784168064323
213.07255920815052 184.3485830478468 63.47329776059172
44.25941653372822 177.42503103467493 70.30446614234653
77.93885283327891 148.15349432551776 55.28262667309755
115.52676724822075 139.80306255707515 60.32900834651617
208.83689882970017 66.79953837535028 59.7655932287405
219.2685543109259 128.58743977887252 40.460091552543375
212.8611048652024 79.31515286461956 54.91285405773028
67.44185090687465 156.38464187159556 24.568368079225046
76.25141054574704 147.76952880320994 57.6471839325043
112.13902504475938 127.95026266445782 12.010914235808318
191.01252006483116 175.98020313725146 31.948425368933655
113.05597669363745 124.99123214066302 14.589655729163807
183.31216433786955 136.32398873889554 18.720054472167114
46.212643992949594 146.89367321938133 64.02255138357083
220.9528119955876 164.78547569990585 56.398590878389705
75.92196290930686 168.20440987617948 33.610560308210914
201.2800177462755 167.60069000508233 72.83201488037918
174.14130505819267 132.59954532938326 13.511828906038584
102.85540369484616 64.43977330070886 42.99070438942584
87.33526255147262 67.03597357354664 37.3200172479117
37.903404039906725 124.85878813794285 61.337508512855074
41.950704849303214 119.90340196158387 62.9898762365897
104.00322011084499 88.00180439572675 26.81120210214813
62.530607193393536 164.32889408788188 44.2057987805751
193.003507806846 166.9951050003032 42.07891547050805
34.28772798588315 137.00419941399585 54.47892420384921
89.67660866007242 87.77704372871216 59.16589053393228
103.86368580442753 154.98190644394057 58.69625618630775
215.92181742457356 158.71094929905072 31.748876632986594
65.1388110404255 125.81556840440602 55.95778009094042
195.9865001550019 115.98589435031458 24.364584666657965
170.99662001400316 103.98962412898175 22.099035457758724
53.40821939883247 84.45165887235244 45.07157315577623
79.01140552979246 59.01750431025259 74.93584018284906
204.00245221690403 174.00345251084195 36.00283637620239
209.26189556521476 108.87046825311944 50.913825806101976
178.158955042563 100.37323509471385 29.012649948826287
84.22456370342061 71.22976901628839 60.95208018308612
90.3706640891084 81.92536744102915 32.39324760165044
222.06555941573066 120.02232840160387 45.21227634665674
72.53488784423942 179.40766327486128 55.47994136300878
175.21271358380432 164.29993303705058 66.96402168073992
187.106735274056 184.76331192057467 47.3064991704652
116.33060406254769 124.03345743974405 21.948207738353798
206.52238751010287 156.80844703695251 22.56281807770626
66.04148056710798 135.09978037070184 31.27387838721787
217.10141493345822 137.9191458052014 64.81531843426349
66.33970102286885 105.28875684121462 31.47898358527473
235.13058189667152 113.0645512508725 64.12798186183703
57.980016892508054 114.01654155418274 30.982078792610036
181.72440924723023 180.58830705836627 70.31731910404444
62.86870823719487 160.37636285337467 37.05837046732882
173.56563011385487 159.39671029394034 25.276362206218543
198.23987955680974 105.13573276063273 31.538640219682616
68.01436469755596 98.97403685201824 52.87523271023913
170.0123903542308 168.0584346681652 42.995003925190595
45.874010210598854 133.94139649111642 36.310580497303874
27.679842742180053 139.3410948081552 64.97761414827116
214.57461381366943 117.29022022650445 48.48337189767411
201.87041678116097 185.40199994142813 69.10389639536257
103.98052321308877 145.95920179890624 31.031233296700428
97.70422156749802 133.6429541384021 59.6923775390973
48.959250089381484 136.8894652563835 57.972265538333524
48.731104806063726 166.9964654955912 39.22288673232336
110.55885870913919 69.19314826258625 51.43850638517352
176.9917075963934 126.99113515249792 18.97633672630102
173.56821606801364 125.14616231979694 15.545170440546883
95.33588072968948 160.5870460109239 47.76062029834218
176.22678776572775 151.97568938275754 61.408518133887206
198.65544579312711 128.78915203624584 21.97963887909761
179.42654526045172 166.79286201336564 49.123087799124335
56.25462765224216 114.9697102212361 43.730606126658
158.99759556123163 128.85838441386196 12.060863584879954
209.3330099783916 151.4366145839333 34.8943789626389
101.10993228552047 129.26947382896256 24.301997553480952
37.3905334256743 136.71715363360457 61.76215400695604
191.54901014482655 143.74409036357545 34.060925071890466
49.08933171273255 105.72667210055398 47.41873683633587
176.83367413884372 139.0556601778682 24.009989606810176
95.20609317050344 63.75508633097754 53.08461571999386
45.91687174252111 132.14187842565534 31.758010749864834
182.2147685980091 179.90231823293996 54.016365712167826
168.84152638571425 166.8984882237939 55.572790639279624
235.30679741604862 102.0057713931047 59.88257817794143
190.00120396310578 83.99820392453934 42.99859428174726
79.0157678682928 143.91880694814054 18.335857857413277
71.21127245467369 144.09950647392768 27.62066300672351
71.14342299177432 156.9223360379835 23.540603448163317
109.0731205077524 145.0979800925321 64.59584114721267
211.99726815017323 114.9809674078053 46.96375074361214
79.6542263933262 55.84199422734144 80.51894766778175
72.80952503330835 123.86584276003109 18.15002884198537
39.6978201708179 156.7757929872892 41.054529079967274
180.01809899611956 159.01666107991528 19.926166381278186
100.5709056206631 157.05008607605012 73.40071330391743
74.00493107658461 129.03253001140848 20.06140952785426
96.26947269711262 128.22559677329943 62.32093655078381
210.3378431285724 160.08982505192373 63.15918517250587
224.71903501465346 142.01435995720888 66.14085503019838
196.91753823580956 129.9154477153648 19.69047255406662
195.2710461455658 176.27940970168916 40.50462486992413
53.43150735167773 143.4168977040468 31.939681036875566
91.98488038013421 169.0103240758963 62.22762653694057
224.72243405467535 103.66106198182436 42.02354375263522
69.20276976793836 62.79990467414962 72.60114308488224
192.81939150091821 113.94502644038171 25.276892007043674
207.83158681222432 149.98179136018794 31.48204981917021
195.41219494578104 147.39783403840391 22.252798569535745
87.55638427356197 104.95285954384 24.844696246039952
108.05033367485107 67.84002528821436 68.70452959014564
88.56250774632392 71.52670288400029 52.735254538118284
179.94402567366933 126.90252297484002 22.25142599724386
45.01718047776641 173.5178693576542 65.99780827472921
212.64570972424056 77.20961927967417 52.184702903700135
85.25841666824248 135.3684327239584 35.08732131285382
204.9857844909159 96.98571769440368 47.0485147935075
186.0839908521618 164.98561425227703 40.68184803815543
208.390870132457 136.60086229361815 29.156226645901793
65.99967210982638 150.14854088028792 21.80884101401425
179.01974751940114 133.98564586194877 25.81074573838028
63.27694018236436 97.34855985199957 40.794965511383026
103.0048133733746 112.00134379685014 16.25994214640774
103.91167195289529 141.04457119969427 68.65217174474348
215.9337313022923 175.96001591522503 71.38053124183786
111.10296304249034 65.1144259122583 47.5329810659493
218.6808229501962 122.30108237190915 36.77526750803933
93.30800789495534 62.836052281278604 72.2055749299021
201.23849186437437 169.51332771174623 36.736709686633205
62.09797951432452 149.4443458869625 21.074679679776036
235.00176215340161 125.00114158741505 60.997561201234944
72.10695690645615 124.34341918818036 36.873324567639415
54.452309746357166 145.09001312017895 29.46201963059435
175.25066428366702 76.49129674764666 40.29705615770454
177.20886857011374 126.15056578438998 18.88718217426655
177.87675091745618 155.24246778109804 22.222979602066612
108.91123330624703 138.7830290867418 72.17579804418675
169.2727084626982 148.38269555570054 73.69937339729015
207.47454689001796 111.52972454573974 49.78716842267133
154.9243342226256 133.99142236069386 17.010625691512292
208.82746478224902 159.0972629636585 29.123195889333967
94.27562871458444 99.50459434535341 36.26023306449973
225.81406133474442 80.34646725547158 65.25675876690755
94.07681532973079 126.27802871458675 9.41824210544191
166.3611637304091 144.94844336090014 14.26439569077749
175.30458138987726 98.1192228903943 24.967395092660997
92.30892918354492 98.14593896411975 55.69612896052191
85.6071167915649 62.34140360647079 59.588201160609174
74.2717373763569 170.12580308759658 53.943100764630294
226.9883863301733 133.42740207607255 42.548865631544516
99.01699232174684 133.26557507839098 32.76521336867357
232.99232265704268 134.83000345461443 58.64052533346308
101.11066291178197 103.01030958359267 26.884279252504953
197.20285523117744 156.2742840737918 54.873533986752385
183.13160995506848 85.04589617962313 37.77678316205763
197.93510659748472 72.93759067288629 53.9187832600186
184.01726778108167 143.06868834887516 18.39127185410413
104.05509512540674 138.01927785959796 62.078864620020326
57.91911181243516 150.15000358887286 44.8367709150802
229.2829963377651 134.29209384044302 41.58231267033371
181.75460322208983 164.33549500876254 43.12834573902343
190.70598405089598 101.34317095450469 34.54312846100886
200.10526385948023 77.46191179163634 46.23834657231671
187.6977523929081 176.95749671464915 46.48170980725779
174.97593984452766 153.95220643959297 64.25184088521898
99.37217718723583 149.12609388911787 53.48112016063994
71.20377521323005 165.2087376064999 37.078713415206735
209.9919812662858 171.98037394526423 62.97372141261677
43.09586081672199 100.95057028624139 46.8612427434077
92.45412076657156 157.35575971004263 70.775572624462
101.98638111171819 142.0207013099077 66.96657388112705
198.3720348714225 129.00413399500485 48.93166680199933
201.05425494913962 172.96540827695466 50.19822021851482
65.50414227653557 144.7338811153812 26.80516740734607
184.9922933467348 143.01768972548535 33.05747503589503
97.19608996336446 153.11228077416044 42.06303855585648
98.02337483469695 110.14335840753742 29.016788953265955
181.86389061548405 174.02618813602007 64.30679207941569
184.98510604951997 96.96022961608098 27.004870680182734
217.75189976513326 122.10058368846988 28.068457013948795
99.97960759524173 140.19001050293187 25.33871013073443
86.45284154912008 92.47928753772271 29.21783468512132
203.11080865446147 190.41218593798186 69.16512347365877
178.51234148276905 173.86291085187386 41.244295597034665
189.43018923977448 136.81029739769926 24.812693590469376
40.16826364901584 149.1426665067892 68.02091612723677
159.1860561943924 155.44968224071025 75.752108599496
90.45809186880302 151.84706594789677 30.780235799365315
66.72746428916756 102.14977460830256 40.07706731780098
197.36748813781278 68.73741877578696 52.925198882168125
81.8539995415599 102.34312688386112 31.966128310850756
51.833866317623446 143.47937218192294 51.25553195729493
64.55593327007021 144.57616491642023 57.7182046541988
186.40823116254145 149.63004374858522 28.233294851535405
178.5543497434163 157.01401109515294 18.981557697549608
60.41726655274836 132.34608063603844 34.97657683738838
213.3941577153657 165.94500740720235 40.40199194050638
64.12492358920295 150.9937299889735 19.10840839190042
110.10463544330014 120.96316660139699 16.657926427289237
172.4597832636532 150.93804000179887 69.01612026088682
113.97416054698485 136.15818888538215 57.98654088854377
60.44410221698423 113.92369964008164 44.75437468695538
72.06094725939526 99.12384765117439 50.77389495340799
178.93094730663307 142.9884073870982 29.252860285961514
45.25305711422599 97.61147663449493 42.962477380075455
74.83780754873376 177.0916365227632 73.34572683799549
104.0214832168291 71.38459205876492 47.87802071332685
55.41357943377211 132.50565132108542 29.540192087236463
201.07055437005414 75.99889945535114 53.04683942858577
199.47760016745096 113.2080249728733 38.613666645645075
196.43122881395558 125.79678653480538 36.17136705486766
88.17658570164548 174.6306165762887 77.32392521611072
101.89136290354588 110.17275514005472 14.896117568723415
112.09258938091662 141.73765357334707 67.27545614967165
86.15567841479623 74.06760308662491 64.72008868374422
203.3031115911959 146.56426014079506 19.906189339229478
198.0837445397018 87.94519855372138 35.410525463536274
90.80776014769633 135.37651787594018 25.413535397663033
238.4945498209902 125.26664291483814 57.86506279201933
198.20807980602342 127.57573958899108 21.06017586848977
234.33046743084537 139.9213727847505 55.16087690098589
90.96558654013774 101.08769992659312 45.02042496930846
181.9482218052979 167.96697288514633 60.89680184054094
32.50250232146041 127.56690885852939 57.11279453557939
57.14739683643788 173.14582553028342 69.29706018675532
206.9062915996404 168.19769334706885 35.243421152923865
180.19501506773474 118.25631591248853 25.73125731463386
83.52328616281078 136.03097247056414 11.613913958470242
68.7343635305505 115.96428391912194 46.11927366239184
204.17626035579232 108.2453561874811 45.78280291803557
83.10376349662933 176.99591756908853 52.147425540004356
224.96435922079093 106.59159763340978 51.84197036128597
80.99438541991422 144.96985255156258 65.98851588004841
35.528737003495706 134.46075185771156 62.382103695188576
47.92778234882993 172.0335558813053 50.6696001431351
197.07089304934908 159.6827910830852 25.507721095429293
225.1455160644968 142.98822905774313 66.82091779484595
74.97401862918511 117.94811324316389 44.94007589550721
193.68522394583906 148.75518681813858 23.628761657084222
243.97847638810035 128.05534467039843 75.07274615243944
53.99275326895067 81.0415897779204 58.83465870655456
210.87808522834496 85.87271206797249 43.98171405454175
100.85324544946563 148.15482020448835 56.20262984522377
186.19095644857188 144.52259788019686 16.368302092964313
191.68426982583074 146.8427260072518 18.269491291900607
209.7068900196391 133.35551895913838 57.427258592614024
195.50574434832083 115.18163019768603 24.59294700008781
225.00870395163187 168.01848108820835 54.946447109918374
78.55367591738336 150.241627906153 45.72975014715751
97.33555067493552 158.79928367094425 76.04382198649753
213.9946813301016 133.99880214124641 43.01210021596685
216.628729408846 131.08709211134658 41.864088976731836
177.1564639302456 137.1592989660404 22.79007770076951
96.99305354491098 127.97550677227477 24.995492010419845
202.09250622843192 89.09237392777013 38.87082201020519
53.86546335108336 158.83239525898873 63.3125253896873
183.05188249140224 151.24787233708363 16.30702001229369
44.959803329345135 142.09273368902953 46.96897301050491
44.06845214557953 119.07087868056672 40.848134403686245
208.6644464361462 122.0227349660485 54.630124523512656
218.83331596378872 106.17758572304255 53.20537941267974
75.158329923286 170.3075904049973 33.26027913774925
84.02987911433642 55.98540733864724 80.04087331097783
186.91192947264082 160.94517529577993 23.769664492789598
180.39424792321117 173.3120461586997 38.38530109256988
169.59375243537977 168.81838643404916 35.0744034372324
173.13473101757893 177.10054863737295 71.70399430514613
226.85229491632109 115.50329067688936 70.71341790539664
191.03615954265027 140.0514493182022 16.562556901047046
171.53670395316152 171.92604481409606 58.27458013936424
169.51475739694447 162.4059268219708 30.903001142968606
230.1291684611421 138.14968095483513 40.730389691394706
181.01414808649577 165.13243152935843 47.81561366507243
94.03228754582167 63.332308555836484 73.90566795166153
161.95854968251706 154.69506147216435 77.94310311524593
190.36836224784375 82.53403502967166 33.33002596436512
48.65471156142688 124.34342341048375 57.33100020731829
73.96813321908442 174.13230855785224 55.3360359340187
190.23160505811393 71.6106999480022 48.59513125634931
