83.97765530579527 55.02301969127043 70.23134747397187
235.96303328949227 108.0890629056257 50.32239486222263
72.87514469594456 124.30980655555432 72.96724542375024
80.23141436590048 98.11589066709404 59.48988750468767
61.448632521786806 101.90855056308939 52.756426835775535
56.86179331096234 150.11429010814118 65.71162468318124
180.00027618740916 151.99984075994558 69.99940157995088
212.9263926019493 167.94580375257902 83.03217001261288
105.46435145923873 130.68872935509236 6.7210222609929815
206.9471319848076 125.90898156953598 68.58705148488706
71.01005715096758 75.93821122446106 55.14021549612057
227.2357277331731 93.20520590071145 86.65054283785928
196.8604707052356 160.32880478206962 47.262158811804916
108.34930072177787 136.13163931160432 45.901624621013426
231.24123034102354 119.8634051097007 65.04953520124205
108.02048120540543 153.9813591313401 27.906680278063885
224.06418392780068 131.30179180260208 44.672039216099066
90.03332074960917 48.00047950648428 74.97023510486014
85.25770914506408 162.74486981149178 49.78111311104666
91.18876536210641 128.69359646569734 67.80731727282166
222.20648470734238 83.53160563782335 61.9391980125471
190.4869628809044 84.66862665792151 52.462922332294276
195.97712829764936 169.66247962729153 28.614062187009235
56.819064245161265 147.67935939988286 54.67738596004059
195.06702982627263 144.07394477171525 16.094295985605942
221.52548609640823 94.35170795510125 54.665600117016936
32.8643061517027 93.83167357396279 56.92247541697046
46.911320469685556 170.77613657890086 58.83283691147894
31.971912903355175 150.82756398172035 70.1285878935716
17.01457869616072 131.10534876814214 81.82299744820462
234.07568182249017 112.19298403809566 63.03219579835599
50.31020929375781 154.06857441786096 51.82723214058528
93.27663215556029 56.51827643712635 77.0896496120005
87.07997179756221 68.96087232662447 53.90849630529069
94.83055393580851 119.56619475103024 10.042674734122969
181.4337354451549 121.2111281194121 19.432895748500908
231.10449750123502 103.64093990377137 70.13899700023077
39.55981916160017 118.37161380539509 45.83763419967462
83.55867313921574 48.380378211235204 70.20423265402223
175.06149184354038 104.73194953653403 26.65730014560826
31.004415417486342 118.31434626147384 49.65807670215119
182.98654038442953 142.8896577798223 53.87845385205268
89.4135394849751 152.66676436320813 10.754509223637447
75.98872499195309 169.03002548011528 51.6915758758426
97.85315343358674 169.1047804268232 36.1835182730258
76.13156126004839 124.405448018867 13.681436990585762
56.25000535032905 110.67781869933894 46.99729630109367
57.0221380531143 163.27578707433074 24.907704887422167
159.65393766497672 130.29269187465488 20.697634566232498
87.8873735042212 97.91861987696835 26.923177470198794
210.9660767369463 123.81225584017089 21.82252940416118
176.65802082073503 92.1703920313129 25.814269825622116
167.54126430380768 124.20319085771465 13.307567632176502
57.48608191317505 105.03851097148333 56.5229682910072
96.27126172450797 161.78117882265587 31.45517860712251
195.48932175426975 85.41592750629665 49.923496779722385
38.260459220669425 143.31920327695553 56.924600360965826
203.9987952979969 151.00084443325693 46.00253358080248
213.09569734062916 76.08366824562141 49.28623703172917
81.00113483700157 173.97301374586613 40.99399373827101
198.8432600720638 131.85540286717705 20.023099064744898
206.94829528705208 112.39469961464025 46.04461425493092
31.747503035613793 144.52041352409785 67.8773467059403
37.600577152430475 76.74109778813056 73.4101780417896
198.0280283088288 104.00080963582539 30.558197629546974
192.10721614618868 135.51150911166212 25.324092533523704
210.98179907383903 148.70537304029264 49.67356511590708
55.25448578961699 65.63996127474671 56.781974607913334
73.23612249263351 96.60730741095375 41.044594282999455
206.0504787699636 148.48372908256746 24.806139793049717
33.16161727154092 163.1709269254236 74.85607491111641
192.39880656291942 142.58618987368195 15.637970029385542
185.6987071225151 117.19690439574667 19.00349403813176
79.45382040382651 151.25000023751412 22.20728882244778
195.98951633069788 154.49289459136423 23.477773547666896
215.9553734769889 98.7210721371727 54.604870781865486
74.98955207700253 139.96819580533148 50.85421466894757
109.38852748862644 141.5183492733936 13.68186940525573
205.9412570535068 152.23083589005387 72.97159951248179
60.10037087520328 127.8156812721121 59.88232980983545
48.04505542004497 87.86087456739163 62.98190054926259
105.11200899148396 136.0265713991656 15.199384966819512
212.15151530348246 91.25756239667297 70.97077543326553
223.61138150228467 84.77149135763457 77.65503544193754
98.00825410105536 162.04970874180015 83.00980235301442
176.95154596390273 147.93905263137327 68.46879207416987
89.18070769851798 88.97949189736973 65.54424914738946
121.20776996416964 56.37198894273234 48.31646942696799
50.94924603876216 116.20499442938427 25.13059801838583
161.89258241856436 72.04131092153578 41.05045020588662
100.2387862598656 113.41815259038171 20.428891193078577
107.22614578872306 134.73269328082873 10.807176417988318
203.08595697741825 43.31540030516093 78.43914808157754
180.0066357074653 172.87719136986618 32.93707580058442
199.65238149942647 145.88574152890607 32.06541958202841
67.14665917730724 152.9919750967515 34.62156460734141
174.90943913875446 64.92683805101849 46.03056397821354
182.45138715657393 142.85453606779905 53.600286333649116
175.8410614146319 149.73733475887698 12.019293251531797
50.6329135507858 147.13116091132628 65.3875257147435
196.82034519418426 105.53807362228372 50.14303492708864
89.97939775675907 147.04168939918412 67.58242314867738
188.23296408762434 163.19391065426115 36.02455249449373
68.8893786788568 79.31789410623668 43.583803373415236
89.91693725821418 121.60414941620013 13.801524240585438
61.39295664384194 156.54458047136725 23.714663245338617
97.95435379520153 55.039735265062596 58.31127952726307
54.790595209116105 122.96796756780931 34.47135322035945
100.73319221284656 138.66289662756392 71.98542818406663
101.98959798071505 156.48835037351316 20.34094374098476
178.02657194006983 171.38706992274274 81.68467169689663
180.51039487608261 71.25030022723821 51.43771728959111
216.98528032472348 87.07070445882563 60.51589162903855
234.80072448576917 75.93001278856474 91.72048816510505
66.33487224523354 96.28608131518041 33.74190933990048
116.34480296586791 146.5850493410262 40.5964052149691
188.95127987627694 173.97279446232562 43.66754685879931
85.19169774334019 92.52319904941547 65.7030911288109
46.678018511888176 118.52413858816949 64.78382259669883
192.48054449409494 124.65328398315539 18.660912339689627
192.10162061552785 150.6529832354291 26.062697794671536
53.64567582930186 138.19599404162113 37.245020222206264
173.71804984363385 149.96863517577015 13.959355244212903
194.97395783008565 159.02794065996906 48.10209338671659
87.00787185212333 136.01229361559638 34.5975055926932
117.0488296708351 122.42295407774814 24.02053819920969
46.00092543064778 161.00201350932628 70.9860032314556
195.21821329659872 82.9117701975722 58.00635865635952
170.9998461268522 71.99996215345075 46.00339047061619
205.1260891910218 152.88146408039879 71.23257334431297
193.78125876950244 159.41969865504757 19.27739135891116
223.01470880124563 115.42920718519525 61.776265580070216
38.4114400488961 65.57388037148787 62.85419449205063
189.96588384243537 118.07570047670701 50.08044949987076
162.22542880194518 99.31761237904986 25.1467016768367
182.97451779048762 64.05139311746578 54.27835929907943
157.25832417963616 77.22631370403673 34.40590175277749
211.46566292304917 125.53852801662325 29.122060410982026
70.95827088961117 124.39617802817861 71.08325530762156
113.11805884031284 119.76233157894802 15.788740723956204
221.64538937280506 131.59100821388722 28.638230455608788
103.98523744929061 129.7153054753066 13.768646241702228
219.89284168243196 126.93377882759442 42.69739620434252
85.92085815602312 129.88550457002208 10.377099446036233
85.0896440656453 82.47891819920396 73.13606520296679
102.480123441355 115.3845817380842 26.395471373448608
63.01115474026017 146.26429896947528 17.95775741973364
73.64923726539809 167.3249927229813 32.17496967776056
184.92878717193352 163.98808974156833 43.06353555648786
209.13843239508768 136.59590297652554 17.693049014597506
60.79292656897492 190.11031699613008 83.8273340297639
69.4442179005841 147.2975118774081 37.08725879583523
164.42302144916422 84.74014703871595 32.59655570239652
105.99742444354462 121.6480099592931 15.48221413596699
178.17450863441994 166.9230689433871 31.917835802468357
103.981145844474 134.99692999107089 13.144436827750893
167.18145049544395 179.0804725551882 45.759847856529625
73.98539769416828 184.97886181847372 61.01668895997259
207.8431964921798 165.03259541799258 52.29644763821304
103.56713356929524 139.14208491675564 17.42264358170187
203.5387495745335 135.911747832611 15.788673339966714
188.03616666808426 42.723761824864404 67.60314113811144
228.85254073719813 90.26356675728906 48.351539717826256
81.00803939015023 105.0721476150752 19.158796850265322
50.95884214636352 148.05188104145054 66.02660652323982
67.98850416819832 153.87735978159634 36.75692916440452
196.98864537196863 88.40191790245467 33.225673203475885
186.06253459381796 165.07321150260924 60.915806262489184
79.93768677238884 144.86743817507647 8.416575066551239
87.67432451216989 146.8396970754755 13.049918018555504
34.93681562641585 79.43842573562554 58.1132694370163
103.71944286298786 62.686845925461256 54.59344483491018
183.83359557687018 68.09684999800797 48.29406640201234
208.00017775574597 165.00089372757213 57.98749675737424
34.63917081307602 73.604086436465 66.30596853236979
108.79051456900771 133.59197704511536 58.75256036089779
211.36999784633147 150.34181766573943 49.46900560987673
68.11731322085265 94.46648457821084 41.1574675945348
38.05983155265068 122.03006900418916 62.60514405702749
32.295894028756386 147.5664444965395 51.735767778264965
194.84590413627976 75.02794738542823 63.02406353048862
177.9749007576165 120.02412661341836 19.082052916803256
164.8716488470723 127.46757150695333 19.350797564804164
89.86583638954096 70.1357691357995 51.80747674401049
68.73797288367534 168.72978217294482 43.86616405217775
90.95026517705273 176.0254305489439 68.48160923636648
79.30731102276803 134.33525481433696 64.84232050461242
39.730647914344786 161.71758322680057 59.086478040183025
94.53145785124629 122.5000943832528 13.926164796641801
77.12488698403752 136.5932820606692 15.716797511086611
106.71181501422113 130.25310299474776 16.58628855423994
67.7146171592504 89.46240331944412 67.18751468661581
59.97573168958872 62.94768139364226 78.06370108883546
157.99705887649253 46.9015452771533 60.5919993521805
91.94437363502745 128.98891083082754 21.506052711369872
76.70937636093907 162.52707132184764 58.547397751163935
103.66723791929854 111.94653090785258 19.00256326105742
101.07834722106854 113.7413697285845 19.65880371200873
198.13848000505345 171.17600173797746 36.314306102642576
196.27942204519553 65.66466194241623 58.15891405891762
198.20711642601927 89.46492232702221 61.47351487182116
83.32030458375469 91.4670433359224 52.90206054230596
204.99144921598898 175.70027145399447 60.158822740320545
74.93880601463403 159.82891178122122 27.802813402538387
75.48974016859214 73.84097678823173 62.39015620408959
91.00224144775774 169.9971697732923 81.0814810514154
47.24377959413915 58.96603741408264 72.98228198709927
205.5791971262119 122.93996882149 17.55735211520617
54.04995886475609 137.93593252741522 37.89662753985044
92.781083472263 111.6652532364817 38.19059715792438
193.94809767384797 165.18656794113346 57.51341880262215
205.28872968948014 120.81707890259833 52.09930517518108
59.08539815694072 57.80956820056371 66.94315753345187
49.98836158075798 160.2358341205095 38.065139588495214
191.51597193501496 124.3350001622188 17.149733319437505
199.36341240578804 116.90207868619814 62.890407936641246
41.070074079049434 115.96974532310547 39.07426292140427
71.6761526549101 152.76994584018837 49.61167142030728
121.92645032965288 136.9517868221395 28.04520943074883
97.11884658177799 167.07443704853856 54.96651508038126
198.9586630256587 114.98831936761613 22.192866372758058
73.16376525920828 68.14766956379893 66.43066337106879
167.98926437887138 114.9840934796462 17.866656968715656
210.37399839690613 126.35612273512086 28.847570371843908
218.76104604254652 77.11214426012721 49.52179895419964
86.33163267287442 121.06876150420172 16.621927875578947
180.08970085077723 84.52952377653406 41.117480139063986
58.254428391823375 124.71802747829274 18.831479490828148
46.246401610191924 83.35341619250545 66.66261205471687
43.95779598559548 140.33008723191287 31.713109525550887
227.89055757653733 113.94039149414203 82.00411190840308
175.25091206867324 62.47970677478653 42.82978676860875
113.31068033817974 56.619120169492255 61.20606874642769
38.65967679691448 148.60020183251723 62.29381182025556
229.73300293267445 132.95656350786763 55.808874729383646
84.00749743508082 108.04957266929453 19.035205480987592
193.9194887866746 114.33936979093606 76.4618589208892
183.8720749362313 119.0985356472668 25.727906899568385
174.8782048235581 170.83243787980976 30.596014145641803
87.58278604257754 73.09479927218885 45.7191703788345
96.02850627334722 70.40564249263875 42.17629142153998
192.88025212327798 135.16609802124574 33.237182105224115
95.03131629664564 136.8953711185926 11.860199240212422
111.73411005068301 58.28618252347704 61.20109616593867
191.15200918588104 174.0156819613735 40.74511572525458
85.87768674953686 65.44830342997942 45.40479327571633
57.998841600324745 168.08410917758852 51.89531357042546
190.76637580928463 151.13827503342958 14.26452964771786
80.4528768691099 118.45521690886422 34.76572878681796
226.6969140583139 96.06408933459622 63.20290294101804
187.77515369535465 106.44282947453284 20.951742422517594
198.99998305023934 115.99999889951049 21.00004918074287
98.7255646549299 136.92230071202096 15.932276108348912
191.3725264560969 140.90327935116568 8.624008522672685
64.37466224571972 123.9460741829165 42.044366961423414
169.71275099899955 166.65506931060168 55.31067527525586
185.88872921177753 147.60481121226476 21.20894278624082
108.04942539397273 146.81200232715892 22.206030177138974
105.63310524488821 119.5969957169521 17.7672421296429
171.15875166054903 104.76048645330799 24.141188986948194
81.62371522905825 135.4940275387377 35.18858552019587
68.66548515152208 146.76692069625093 33.53375104521522
174.65434683622172 121.20739195438887 28.144127220263254
98.77465185261005 161.87264025817112 31.428236451517943
38.0032410236977 112.00336128568583 71.0198624741257
58.86638087171588 165.01510227671602 57.72866336781215
181.95789944340046 74.13429763406043 50.94975826119152
173.41317338149346 124.68425625837557 26.87003364357032
194.78854172118363 120.77514345820418 16.473235105034913
177.65162314987336 128.1299386856659 74.10114288116068
185.11763114806442 175.99170685341835 48.642574197652216
96.11050933623727 144.77148197563452 34.08840710751633
193.85014854677235 55.33518535578433 54.82328415636604
176.8779594828018 169.43263418567264 80.94113237293371
192.54292418492327 102.2618481934179 22.99109690574341
109.49889568160046 75.90236249702266 31.063593197904254
75.35079661846271 156.2004924427744 39.995033559712375
59.79374824087502 126.30326358656734 16.313903778398085
200.58715037845772 66.06351450059955 59.24947781339716
168.4551607643987 171.29313135776644 39.74502000509364
208.62060332372002 137.71976194732835 52.40314363467514
91.24658833159106 102.04765461226602 22.288143265670474
227.66686579043832 107.13688864252575 38.91676253260723
86.76851878535925 116.83308730220932 24.34769189849957
33.46355177327568 115.92712594083562 70.11551227837828
175.73274339147403 165.37533546905516 35.899172454600965
186.99628033353366 162.99808648761964 56.98572060847858
214.07039274529487 75.88399677057834 67.74906212712187
223.44318740250114 87.05767754694132 54.463198197333426
97.64483482877749 124.09462708089595 35.56855321245097
213.38077472315464 129.06620808692696 32.350698345244965
82.58452346575449 174.00614940305618 41.253585027182645
112.73995960588417 141.09045645723512 42.24105397129561
195.42658785750604 148.5493801891395 49.06870769559372
198.00325979820943 91.00159780118312 62.016121302891825
70.8157537477704 180.51021017042916 40.153284802564265
195.9452999021112 133.54664863152803 11.151004637373255
79.94522070337479 117.06704383667 31.992842580233184
187.18994650826733 173.2265112763231 54.793496242911026
210.0597395578811 155.8134332159239 74.55066236692845
