90.54637888762252 111.83900893276791 29.335583306681304
80.982333168027 131.03957246901487 26.8463794932026
63.73936488335477 98.38886628066342 35.560549114086314
169.29083823909974 181.18005662327883 67.08554191855775
78.88249481565006 72.67386564476135 48.63380320245118
95.02806063139876 83.0000246085929 39.63270370767438
192.05434658136647 128.19066128901727 25.97123776313839
172.29871571967584 187.87648495038212 78.57323908625513
57.18812719751234 99.50575690982375 40.30268381078313
95.45357798926848 151.69989645842483 64.77673269817002
175.98232966089097 190.00114845547958 51.06993494682052
52.494748153871086 163.70627092648698 35.36041160923045
201.0576892073225 178.00732050793061 65.92020789062626
209.99842639049552 154.99172023830752 59.057851246707656
210.87041831357496 139.88064514303838 43.226966379513236
52.519744241797454 72.03908566385098 65.47747669609355
168.0954127205476 184.74969587187354 69.62582002451767
86.05600927918405 167.94113667524599 40.006539680010775
189.6222130501728 125.36150070198605 34.224334129100924
221.0086753226508 109.9480630640093 49.646735666444236
185.02201771552555 178.8223134223744 68.39433066898594
68.6157692029324 124.50440884236748 55.44019030878391
64.24489846129431 179.2401392362832 39.17474051892695
52.24834414339105 94.86297229687361 56.079233486213084
169.11914880055355 187.76421149548605 77.50920552313849
75.57555542524399 99.22398850969823 47.43467355335177
50.07565748014396 158.74660978879876 44.57046756308567
181.59389876390952 105.0017536993672 36.07841882605364
64.1884637606201 157.05968897460878 19.611386356622514
195.37268643411727 158.43565325594528 25.26076711440006
62.571233305820265 154.70406577227564 20.346446182204105
208.76891857983938 164.47531713714747 42.67039448806594
88.68881877843131 156.88418453949635 13.000062726664
171.03400496212532 182.98158215841661 70.13959240130413
74.94613141264682 164.07072805076703 49.45433709780772
184.10998972902925 165.8867439357796 13.011961913216393
79.0488317196408 162.71834696428644 16.209966154614516
203.52800680195088 164.48453999207217 27.290058862338103
80.17341384807881 173.55754320508623 43.0222958251665
164.19553727668705 158.03308332357324 24.380042291804138
173.34152639766234 148.57408318758416 12.444535845434164
50.83304735620266 167.5755700808383 55.169888548777315
81.04326474676391 161.99927685567775 36.952015191024564
50.9464286718232 97.23639662720241 62.575261454248995
56.841204598117045 140.36663860639644 42.69734268611068
91.08946790746681 171.38615816728154 17.758164647825126
90.28040340607951 149.7779417335238 16.266044760186908
70.68801561698018 162.7542389792074 21.68663397310021
179.9986211409862 182.00029134449534 50.00114791120621
171.015002766174 161.90614465595965 29.94670719895615
65.95108489051793 169.78282584819166 63.65215513150924
94.79685153407331 173.34443824186098 64.63822926009117
169.97214153394793 184.98898801186917 76.95643422855355
208.9797711330921 120.09691428331227 45.403151960623994
79.68744320261261 120.35704453971664 27.8651672821823
58.43808009992812 125.88054518573567 31.568130832832473
55.4665976480577 86.73393166181468 48.85123243994034
38.95787441265804 114.86714867924012 60.58819243718857
49.97490796905121 120.00514753495165 36.953843653925745
59.68034372059353 103.90239912733246 44.97370595961108
86.52301441218246 81.32549220613959 54.68350535766136
222.42766904871996 164.43028751403682 70.3608131359531
62.3134428270119 152.9514543524414 27.874525005269412
212.41099015802857 134.28968846334266 53.81504422147443
48.54051227193547 166.2845208346437 46.12065025930112
66.20529164044133 117.15404319596878 44.762502823804006
69.9738034822923 169.06605776514627 66.59740371042815
60.53164675195492 135.01615472774884 39.979945143260046
77.52806944763259 125.98673530407433 52.925182692074614
177.72770220744067 149.94250763320065 52.07896111342144
71.8478846737195 103.50246045155119 36.106889165573364
52.00139692103563 96.99989021678213 62.99987123571436
61.04647267608485 199.38883338186733 84.36044683007621
175.87562369545716 191.23890719340025 80.54392471892967
73.93723638708248 98.96073222668359 31.15902050354694
168.9358264411176 148.12822088339345 16.085343399655443
38.84588415229109 143.19229538359636 51.0204533462243
75.35065863920201 172.16880565778595 22.9138380468267
42.8748778355128 109.57604594595034 47.403506727970324
182.88046288111357 96.8904467436308 37.889936734080074
194.01113769803484 126.87868999610546 41.92511258610218
85.22161539172806 186.24711443244976 75.03582457501129
174.32288357653562 161.45636814393774 23.937257021031044
67.12053029320627 84.81006614148582 46.977553884537734
224.37685240162946 133.15149958701767 66.23889152998855
82.90527650398036 170.39765490554262 15.964718453107574
193.43001364504792 175.78174261406798 53.86932442337529
200.70629425064183 196.6645186839564 78.88695141085243
85.64315987553886 96.34788839314508 32.6917913986533
64.29790656957303 161.74617517470318 24.761237770540955
201.3977936540185 134.40820129644516 54.36639373108813
176.05536836858235 159.30364806137274 68.54450427136464
79.38016580767946 181.81971000581595 51.2411762896975
206.15601567305583 174.9712196215608 68.0011379198896
64.24343000857027 137.87239597860034 28.226438431876304
211.37491629204138 179.96895572051966 58.81388756311297
176.53978763420463 155.39392501834826 37.700754511128174
179.70287298195913 86.23241747709072 40.24455703551342
201.8574635398331 141.0895928902748 27.085371969174464
211.37423703594195 160.73935833145606 60.22467859360826
72.85021933574026 94.36810200113247 52.962740180260504
46.78693179840964 93.83464519265483 60.22210225919981
95.12129102206923 166.97774460883986 62.76158940540526
82.42504246818392 121.82447324028018 20.467672832950537
206.59920307294516 185.23048117201125 72.75826659441753
62.55676688054299 142.12379831533883 46.576595667730196
216.30725448478745 132.5547876643119 60.00899092357088
73.2741513546441 182.22660492136924 57.11038479743359
75.99191490380973 185.96368289838188 63.097774996118254
198.14413880177557 163.2154198149718 24.769464079950467
44.77048780078053 135.85157257791886 45.213548639374515
196.55984548116282 188.23369701183037 51.0638063300473
219.84669478747674 180.93362383009156 69.45053803019049
46.34768757676354 85.39651246132 66.09539457897966
200.06033028738244 190.75064714560366 66.08221359518053
84.20811922487405 183.25942613662852 48.02179093705317
221.21519603238613 143.0216554767521 67.3545085352838
78.00058434610874 146.53809800748058 17.567548597923192
89.99579074736323 159.0019509318975 68.99970587779667
175.13206962131613 150.80526587480787 17.043292997325935
90.77584292528519 186.18411155173817 59.83581668941714
169.35681057360654 164.1843340897784 27.942014455029945
201.07424754367867 165.92528362734697 23.89628493142995
63.425507208659326 187.1892251915407 48.28131534824954
67.58858056913105 169.81316859517244 31.175888343063733
56.075128104844595 117.9950360004042 36.018777797434204
179.25207428014437 90.06218245473885 39.6920075554038
58.547153715902205 154.33710556225205 39.13301052207781
99.10858475915335 78.7218305487152 40.91099688345589
33.405557123791965 132.30264191162382 51.87837581491669
62.590532406647334 141.80129732262003 26.99845602887742
187.9538768597759 118.26018974099964 28.42408977491639
89.6443358821494 135.80255020531536 22.33360932384364
80.89252393892743 122.16240075058745 34.33214087935739
64.93055784146209 146.8416845164513 59.56842883957566
62.86160009090718 170.4349627748144 31.473312654259477
59.24267873702057 98.98557957262288 60.7809474342609
46.196895613255535 116.16884776038559 54.561350417255966
186.72792807699716 185.68169519880726 60.738398626162784
97.0653600893991 175.40966376353325 63.515524765688745
73.16615088218776 139.6879632083799 33.740676783990644
169.45859164172933 164.57370329923577 34.341231572205444
192.49601736713566 138.3832352252353 46.44162846125018
67.97970041241044 136.5750948569622 35.991188206316814
46.78889753621081 173.30951392920156 62.23641663059984
82.21163983703252 142.16136521396888 65.4030472323142
184.6410923162703 186.74247674255258 45.600117282229
74.91016277861351 136.063296364128 30.26370980441388
62.41602390905923 134.10308319771912 55.58607928952887
77.22750743290514 170.08848004970181 29.716777525765018
98.2761979713758 172.05137332700346 43.10356776356161
81.04516854188154 137.36508793878568 38.673370833309065
79.21792301723526 182.94584545701983 46.66182672860768
79.53931053014222 198.1873228029698 79.58090603211919
166.73848199914644 177.00866471273537 78.74190969426373
176.38501529743422 110.81880352630365 31.574828835027798
184.93565640303711 151.62607829894472 45.23882425424553
84.10697012456764 162.70624111686945 18.106651073031244
184.37106329777785 171.60742371395912 56.78632462134347
40.80366984430803 130.0642726119033 50.275587753469964
90.35208645733707 183.3879716125105 81.84887580076769
77.40633711339564 198.69933009859062 71.18960863225846
72.01049901168037 131.10549510095456 38.796051090178736
158.59992352635393 165.26858045075173 9.598094651940208
51.66262942475947 148.87409895838073 47.5097756304648
196.65118807995924 137.35105864201216 27.158056405438185
86.9111888347108 96.50671225273767 30.092720571002427
90.01216893228333 159.99985930160005 34.70733809992014
64.89856467116567 154.62695521286028 22.371708732105123
190.97669106908026 193.7527782152064 58.415006931822404
167.74839238251982 191.76989035643965 57.37182897100855
59.39764730705498 90.42142237579677 49.00327575903552
185.00802882129435 143.72343226482963 36.11136068132918
65.96328664702745 173.3294830012838 62.84294108262098
222.7647419077427 106.191223629481 47.96340667731586
47.95296516386686 173.98668104306617 77.26883524983666
37.2254167374733 171.5394827153933 68.317427638717
87.01026601874662 86.9996983490771 38.00602286539397
86.34442301720937 175.29127983956036 46.57397309458393
58.678508516472185 94.68691641768594 38.84464991162048
210.07526462296775 87.80489481063145 52.28228868742043
77.07508556862649 158.0627980774469 59.34702438092678
189.00485770411777 131.77462366137718 23.840840905983942
211.73873182285027 179.38440104074994 60.981952250005094
74.67650008969929 139.80404420119672 16.845536447879493
172.87422981317349 188.51086327419583 41.118917756081565
58.745347074568805 117.22372725670992 56.79843791689395
64.70059064683467 72.28002825007995 61.17829676514844
174.9738604720831 157.9675832553465 35.89568763086307
70.48105599615738 69.22169251895549 61.718077675820176
78.00084891174339 187.99922094061202 67.91779175045512
170.03092714791285 101.83082578018752 31.381671312515547
78.11824053116008 162.90259695119306 24.890021046139996
69.16921745653033 140.08972801363933 27.214401265396166
74.46440329179596 173.56950532132254 34.421706518836636
67.84792639019722 106.52330310644084 33.44311472453827
62.30180275650563 199.49676499095312 71.13790745657869
187.40880525501905 165.6894145632232 49.86313471392518
82.53647604943556 162.1542880154839 24.590950983960983
73.57730410093946 186.7283397937684 64.58193939319175
85.40323977388475 111.41256439196711 27.263168862449955
70.37671213188872 76.05365067577027 49.11936951080625
81.03179718493814 168.97228122249538 37.04726322818455
82.61624969623753 172.506479656135 17.718246417155985
182.2208376979084 132.46394584499856 29.78873363179416
201.26934423835846 105.65666887267638 39.94586508336087
67.96948510315272 107.40932341037485 29.14332174861892
196.1326300739071 196.66236182074613 73.5156235514079
182.40413167214558 175.950893953246 54.58782332457897
185.04703454907724 187.05170679878825 75.60706005011058
48.59484423868506 134.59367122124556 43.32071999322814
84.87892497726655 178.2716971533765 72.34929876471432
168.97943385598512 172.97696726755223 13.063368361285358
74.01162122416244 164.06700087617156 50.88444934992469
63.98732819913799 88.0469080834849 62.825263332615734
67.99292978123671 184.95492756688918 59.080903045526505
34.8831854086065 152.01391855355178 63.31792090706056
57.99715550963268 92.1234678156021 50.02043060735948
170.9654529426988 162.128025192678 62.21675403353939
72.40056903294416 176.23714748865257 33.624636078652024
78.85214890140709 158.79415478357438 28.392207323388647
64.97262657699903 135.98562765146815 33.99539501774766
222.66861303502515 137.56050962564723 46.609371686330874
60.086548338082835 164.30907071109908 63.274552918427105
53.7947050664201 124.9639615257602 34.94175919664877
189.1829693458633 168.672428592166 38.00430161907886
66.12449117059019 196.12904457204735 64.23437234097267
192.98694453282056 172.81268598120914 49.84425445368702
178.62229142185427 179.2876741630363 29.452737332324958
34.840740556760394 135.00400706661117 63.40879379565314
87.26334964914724 184.8088538660376 55.98316631380557
184.56241655936748 152.37877005127453 30.45064431147589
55.695297220649024 128.1402847305046 45.04843590854121
174.30121798734845 183.65945694420216 37.65178205226197
42.78835771249864 125.79345207419942 52.026731446787835
174.83343526101712 147.48936702608498 21.42509826542594
198.53199694151334 169.38935917067377 61.88023649068185
71.22375924900228 140.28907930993282 40.2845235721954
85.85140048904374 171.71155494123244 46.071558427438944
72.31475879251127 95.31735522719862 56.58702941308917
170.08610017037566 179.04472601073616 59.80765389736593
78.89978324446993 161.7261513419313 38.237399359685995
166.6120639646172 170.882785177352 64.42824595970933
198.81900423568408 160.17151708384262 32.0465826724701
176.3579166902839 192.1865243084643 50.46915452639073
202.05474119267146 171.62310228920592 47.04572514232304
168.65603367521268 172.79460035433613 75.97339960145632
162.86176263785842 162.31551459183166 22.1296447316008
66.50139553505771 123.6821363143776 46.37800682220139
177.76846669427636 160.70279967342142 45.75174203557536
83.95490514593524 141.72567496882635 21.101685973231852
86.57350951774926 178.2894275703824 66.84180421184723
197.07746688749873 150.57821768180926 42.104642630039
212.68321645348001 160.103028067734 60.34847452063969
171.352902685517 160.35593790960317 24.05792809291049
208.0774220408951 171.5540627451416 50.028829553818994
82.66173249885283 97.23313357378325 33.30928736397026
170.9059369827562 186.83853589944553 42.03415852896407
170.9346558299626 182.9499915286595 64.09832949980301
60.31260044628252 117.19623268023302 28.998229145674685
166.06177013239324 89.89277921659759 35.745065038398
209.98153412014088 121.98734901155653 44.302092964828915
79.49316151988775 140.12275379336063 62.14736701083807
36.98803379900144 183.00606032672314 78.98866358633352
87.86612114771422 111.59676097381951 28.708323712301464
176.1058805302368 122.87804603154817 30.563478719453823
185.95989141487817 144.8333196574844 37.956822040146875
60.752642115874835 191.77622788344348 78.53114474091339
84.84993659329291 186.03781074301816 78.89403338966885
88.17591746738097 180.78325021028564 53.26966920586205
77.98083220705568 152.9970428213272 65.7380901917531
39.25432318237516 143.85120779646064 51.550969910147735
68.89553787336702 194.12746852315715 79.68671758189589
204.87051977633672 99.92365063324901 46.91583749736313
169.01310902397356 181.06245690083688 72.84886307119002
209.01059633143493 158.9944325452864 55.977921648999654
176.07276833323473 186.36859193453276 43.204118645416976
64.16572314908869 97.98608521420346 54.08993599043419
34.824092417700406 175.96724309517407 69.38739178616225
68.10814306514919 135.42085914922833 27.779036253775296
186.83543370518333 156.4805666263435 40.17209226566018
88.7305843840534 181.11970514005404 82.09624469895957
188.42681057585 175.6966900313718 54.67922766544338
195.184513634428 157.70523776896326 67.26404172912068
60.00083226265018 197.98451700532365 82.98299334118884
223.11402425757052 146.5235471303902 48.71571634299243
184.94551632167915 139.60102384117303 22.674136872240478
181.62548267786835 189.5384848971521 47.0178130882867
102.77005069848002 64.5080921386267 55.833220432809746
213.88120794089275 123.99754561868382 47.955918504353306
86.99631943056072 90.19108252680026 32.57902223282773
60.228266331562494 121.12065761632952 55.230104937966864
194.84565204599122 147.67046726176514 45.45900717672623
154.6075407936541 153.38481677381975 18.855134808219333
101.3388923253211 152.644872635234 69.33686879670911
202.95891871873013 146.03647302953328 36.0160398332989
79.25137537466874 106.76909832844457 28.74331461304886
197.5421828582175 149.53411351098143 22.88181850042777
79.95323841604325 164.9523649529571 27.743257248300708
205.44595188970786 180.3882128552774 51.340311904410605
