224.57115641278907 121.83111900465049 46.23336188734373
68.11770304054154 107.52128437854647 44.553316735912425
34.14232343065437 130.93237596809715 68.44185288030313
54.769709746474376 180.46929282497 33.43468582848551
173.82699356406874 178.60099163600032 40.077714789703855
233.49772324511233 152.9827820644607 76.77059257283594
192.49961907261704 165.72138182497605 13.063631921838093
229.1257309103321 100.5796315751639 81.22925322189292
95.19376579833204 167.54186881517114 25.674199107820133
43.775611352754225 106.21232490407034 56.3400037758891
53.984673420354 132.01192580943606 50.17337040521222
96.95997031680662 169.52736422260645 54.61611824261414
88.05674518071778 155.25638712361817 36.26764507483501
105.38479450745844 161.57435410162395 51.320975525102455
194.163358146697 152.88968368445873 65.56481030090174
181.6516234683349 173.15992770181833 9.75803643649695
66.91025837020065 169.63811799873258 16.59380618651511
213.38746482932095 170.48319933276196 77.13803226736832
95.10006208319902 165.71043088980906 51.66251252638023
181.90020306833472 166.28236080752842 26.17022168380956
69.15769709440919 143.7704469778253 40.1401298531328
78.94188837753853 132.04655501929753 21.49288562466043
80.55897778165787 166.92098461977517 31.00147711836504
187.09687818025765 147.10615426640118 30.352332696690908
69.93745152102835 99.59220913011396 34.36115597856344
70.99691940901964 139.00442203368277 21.690425603251825
208.99904378758222 185.00854796103144 33.97231816757423
83.75710402715823 167.96547282448785 67.29357318594069
197.54503354853358 171.37376023392437 19.069192372129994
176.81724817225893 179.83525574615518 72.81252698100049
89.03837528764167 84.04756356077729 40.93785762407827
193.06025788973494 139.1423062729471 13.46193036810301
218.48171489216062 151.0430001314674 33.73736054135592
66.77834152492133 195.1222144121889 57.382379156071636
95.86656731176559 78.99218683436906 65.77631890182191
62.90505480519615 94.62272148308757 48.906609545398375
195.58725361135117 163.13212845307814 55.05180091602556
194.36561573023386 188.74021155782285 69.80423551870057
93.43705749874304 133.03677386353147 16.161820681312562
50.97257617378024 126.10039978908374 32.30646368281654
194.3785572191281 165.06175912197713 14.593264559690954
212.0591056506989 127.01323050657506 24.77645884074339
222.70157877019298 90.5927713978977 59.973557337092
217.74112253898545 95.11894287537203 60.924226126440004
95.55526452334516 162.52420080134561 68.9280040337796
82.3344687647706 165.793607247185 46.9645618285429
154.61746300152268 148.00283820711311 16.440233373821865
100.34038596194623 139.3356452903472 71.67825077462433
222.6848536272991 173.70573588077642 61.96196352915792
185.22196996276514 179.40872799638325 30.465858699895513
57.97790139178781 88.09726987016995 48.07033352488903
125.27421447181881 136.17589288330316 80.0605214470757
206.49230366934944 194.05437663755814 56.63918580945911
26.95003274226148 148.7022455094543 62.99938689993336
49.86686198518709 104.8307529339686 41.54437787759185
217.03913366513547 150.12253087074654 40.856211334145755
209.6660475844767 186.7191208169125 47.0935040284654
74.44953400723642 106.47953713828353 29.852125760159154
182.77260266226347 189.42389125029294 60.08617332792462
81.43400217612307 191.2635205082533 50.549469282691724
180.7151960778698 125.03053566471685 33.9187062299019
171.8194509671831 139.2770618987164 20.477454912251908
175.9461552693787 86.17057819368766 45.01560479009864
55.26953050020049 130.39881015407275 37.17627873457733
94.09631666272924 76.22436881930689 63.56436335718291
225.6082662405397 92.81776443994706 63.90515949369674
107.35808781965078 166.48124135573337 55.56485935504759
95.87349733703844 125.42530379631548 21.473926333679753
94.54232008704292 150.17868430197925 11.037193008934677
217.61136916577752 124.38278555734279 47.47071545208436
65.2159389901945 142.73426994387572 32.37976262007451
31.98895771927594 91.91935091008368 75.02882191113011
107.91423005981427 150.95360637627593 79.10029626800736
194.82456603910447 169.6135142456152 31.23200172748391
237.27491971985899 114.68686428523608 70.51413287580603
211.11560222297575 112.10417724651495 51.84837708441361
46.47527175594914 77.77809776586888 78.5215815698911
82.22436725603875 76.3357569507775 48.775242454730346
36.69813054163173 115.9879709283825 58.988211591718354
100.6526765776032 168.337052670132 48.22131346396181
94.54455223813599 171.1339598447599 11.26230688957114
223.5431085310162 150.92704769435258 41.22104573572911
46.71996214120897 103.45075667958415 57.77760593119938
100.62967041506333 164.20260049560554 45.682024235254424
183.73337178853401 171.26786049876122 36.46056582339506
199.2113207949837 184.89013344775202 74.40100518304625
214.77436181218238 155.74428841339432 64.111879268483
41.78210541561982 97.18740792569474 68.31553573123523
197.33779208273683 181.11076121880734 47.63528072191262
32.70087721668381 101.63896023554435 69.05436302199985
220.86518126768127 153.51147377316116 72.69326302386646
212.2850174974355 134.34975156890866 23.665636313244743
168.82155788538125 189.5935104356464 53.906183402215696
97.3932860545557 144.8684766405874 16.678723534390883
46.81605316637479 171.7208782983071 36.6804859824797
44.82982917882767 127.47524708017842 55.022760345871035
213.40062710797957 141.1961360028663 74.19231330660288
82.75886299031409 157.8373557658576 41.21651945268961
75.35270965622956 169.95348073328242 59.28826247018378
179.58269105218199 95.33707702791033 40.10337483775406
90.99581073027721 184.23120693401216 78.35266240056853
171.4617743888819 150.84283841483025 78.61641433099588
178.3602790709422 195.25143079143874 67.96042664140785
58.2682112057189 176.0025906339888 35.113955383789644
76.6200966571427 123.01219986666382 41.394562186115365
92.54941302825941 138.21489509303814 29.21081024097519
101.0793172000071 166.0076821277655 61.971556258396994
41.890809597950316 92.31947906010599 71.14209162400202
181.53616827742349 178.20726852822122 71.62131337050319
219.57379955167232 160.93552788744077 46.65003055457769
181.31935684433168 76.85621078382815 53.79876285506308
196.80103674590552 153.13937803429874 21.56643059718594
68.2251703507459 72.76630374501838 70.76827872795074
88.59143535264936 80.50387614444035 43.40546495525745
178.50565516790422 167.99409148204398 27.03727737468278
78.60750172748205 74.77456292313661 73.4969413376278
95.82870169445148 75.75849212771571 63.072393609117306
184.87768689356426 178.90379256829158 30.02980976725428
68.06229987595991 190.5364242688925 51.664806473246124
189.12366641699018 169.4475494785274 54.53271073624239
63.571910263282 171.93109207950576 20.27491944352147
214.45087733625303 160.48090713061808 38.217709347134914
49.003030318329195 146.97771226819196 30.7327534084298
214.01645174157142 106.70785139897713 57.82723164789207
195.94460582322685 139.45303465726226 30.41805878787841
99.95220807666765 73.05860627437231 68.02205528228501
57.85323252024344 167.93886719176675 36.151483135992635
224.5475965781181 163.36317750989096 43.01443617184063
208.52573029720725 168.96154173510826 54.32979093857418
189.3630349949399 176.51573538261465 65.03082460247961
104.49556517463317 162.01247846176503 48.39932577547079
80.09561510197958 117.13841618322118 50.4575809080627
53.65447464452076 124.16621579988667 33.42378526666485
53.90783034569149 116.69358344930711 41.67349528248484
172.3905353441728 185.73027393008581 57.994237666763084
221.85548956419635 161.2969699494861 67.25565293155898
222.9298489838731 104.95682859462507 60.294212002842954
170.57368633991442 168.1653202531817 10.39945990923254
184.3222555609893 105.59121161440196 42.55024272427771
205.96963973530643 147.0818862504664 41.38239963236559
191.96351225725985 162.11616733447198 19.73455667064672
108.63253816959703 66.7852049415643 67.83869079392365
82.23968353286243 190.8474632772567 32.95408128910887
96.8127330977461 151.38423382027545 28.93754758919234
190.2033444520505 168.20761976053382 34.219400725671065
225.1816936968451 134.6809782996779 36.42857292230673
44.62041149846429 168.01509148398287 44.11536785900783
212.08753481316154 154.07274142532768 47.22802773023135
184.8368232169342 78.60466148212674 38.31332150528403
194.02478610520765 97.06294292418737 39.00753197894915
79.32924030474939 76.1840187008319 49.11213053654955
177.6668520444067 68.89691603207704 55.1733513871435
203.1053249099163 188.84096993414545 74.96453058899621
204.90819498121581 98.63432583981742 60.55394589722
49.66289459484847 137.2870749883365 39.67066899316503
223.08441367112584 125.0903490884633 65.92887797485331
97.80276186931955 153.90940169932543 20.353944829897884
171.1919802101451 125.78496774973814 16.173689763262367
203.76690830197418 144.18270806569484 23.214184291161303
93.25673359825366 151.78125711674195 32.51796810948553
67.90462527932543 171.00106403404388 30.338707808754457
88.68846278659797 153.89195313463708 10.775582212646158
216.01129273853638 115.69191642420736 50.2704452909267
168.11851304045388 156.39670268671543 18.195587058204783
189.1248835127505 172.53594433686428 20.402388072409753
178.84021168952557 70.12737413950639 53.35819605006269
216.5274632412619 168.2234588931036 66.03920995658015
234.1054594199573 150.9898906930516 76.78426256568913
171.28734695958158 193.72431951593114 47.176950743758034
218.02951520181225 74.25435080464935 89.96966713110679
108.08193395300967 168.22719021591794 47.22481064538529
50.34257460007377 131.1868211794231 33.96370757475309
95.6026047486943 173.48391212378021 39.15466799242625
89.51155910759762 99.05239124329621 46.53589470123022
100.96912045994797 152.95701797341027 15.980464259818305
218.1016676988042 101.22287066818811 69.93731157807726
174.81567536752988 149.64781512156313 15.721058973756689
71.63401132876324 112.52239647496108 41.8163989043619
201.9474852754981 191.85802851052318 62.66360657833674
222.50493529344052 142.15257204364178 38.89667994949644
47.21207968824842 122.74093664053098 52.78237204978585
24.469070314644995 137.61848382799332 62.50983468141204
191.13742177369784 148.79693833663796 68.79518770959874
210.20463670935686 176.38220056679182 70.84652015484527
58.97986949159131 168.98042817684345 23.94426985090353
174.33578587897628 181.21825551714014 28.76340854175744
98.00031030487663 159.00074584826712 69.00009919679539
212.8438882303204 173.93608442707935 49.08378735914509
47.81310828052168 138.21772077715673 49.233129851910434
62.43228705889626 147.70709841549683 64.01687966655388
198.76724065001335 190.05926895538693 44.41439084707147
194.88215360008974 171.31573265099263 24.46498782452691
91.69594760629451 154.78703950097594 42.01544593649186
85.09741621467566 116.02176579453655 40.11339612027039
225.03585289427244 87.03021179264096 80.04320069456611
80.5349629365347 166.7123032038825 49.87560629932607
233.99744936907038 143.9957652649852 56.98395689840421
227.7075540253789 128.0825289088076 34.14786554764612
67.43736417517844 96.54374989689674 48.74115267190628
55.468811581924705 163.35065845166676 45.40359976970562
57.901133057852114 145.23561049683815 21.642211362805384
92.68324057069772 96.97817447806656 42.13283249210038
225.470823308336 95.10854419456473 66.66872306550152
64.9832559109466 197.18080100325867 57.76764698252275
73.74081892944118 125.187043710628 36.31018630243715
65.14925992198197 88.37891174323464 38.10044222020402
218.26780939536548 177.22969160518684 61.24842124139715
48.96565995023956 163.15869029288206 58.207536147266524
205.45789443861102 115.65810519346323 57.18163816042384
206.94540860036383 132.87065176845252 73.79963437187783
76.66867434635198 186.10783845725274 59.85711307820343
36.82431987820715 112.01104346728592 57.71431071236815
176.38702406087066 161.65069938763494 21.25377680040311
216.63290819495106 93.69044915816475 51.50842088176733
77.51957071537069 102.78197447244705 44.64619993889584
85.3594569142909 168.44472269223084 15.320727150596243
218.09541780877433 123.0908752635955 28.05222116367436
215.27718391682043 168.37960451595467 64.42625212767229
93.08229834851959 143.146211180596 10.642763424117465
209.97762531753568 159.02784685814498 67.03060860440607
83.4740681241586 176.11162695504032 15.790229085334397
35.40835870963162 132.70185065605935 53.874699891245875
219.15444548773505 102.95068673238416 45.982196755652126
88.01656095357039 164.97523847959096 27.428999800989004
215.8740248761613 160.1273798400397 46.869832727779155
91.78530165352554 147.8159784395223 20.24010587173554
37.29481214071765 177.38475919653033 53.64944390072544
182.88385857237876 195.02708991819597 49.70793110474578
101.78901680661689 154.34810908941375 16.135695871804064
85.95989765481156 164.18096240601332 15.495539935128116
80.98614378805446 170.08371621953842 21.979084781898923
170.01443740278984 151.74981618853056 11.918970601958415
88.96683380605879 100.95182018122537 42.1415745080499
68.02060171774096 139.0002521742798 51.848677283446676
61.034601019418005 170.06560000113566 44.67923706850811
97.0948396388988 145.0292151466715 18.02849582107776
29.734428131869528 124.94051455239885 70.00057349813412
170.5490385610305 123.45281997355161 19.32685199533049
194.21676859020894 147.0501693919887 21.75772280125701
171.4310492339315 160.0942689699644 7.704445380427721
43.98700654258329 110.04435434205031 62.19482930956216
49.76207833415479 165.95233457201232 65.42586109431781
205.1062380628975 176.49981831731313 71.10517973408817
229.08161669088346 93.54285196308916 83.7940706044605
197.96212965020234 188.9784384273367 42.53604031329001
86.87599148037694 104.48538201657877 31.179919558824466
85.8956725209271 145.03909755070683 18.631537157662784
180.5239550573294 169.79437226794678 45.499042931572376
67.39886418674025 133.70274008188423 50.62021312135209
72.11010316831168 154.55889865379362 15.471596218199341
204.0145781553366 108.45754196576002 56.470089321105895
67.0624154815331 87.90291507388692 48.430542022769714
194.03442852000893 119.00600961681089 24.938081294289013
66.88034592582741 67.15276864177899 77.28788600318157
56.32465192177225 82.25452968602715 49.99026118031549
200.90442718307807 185.41333173889674 39.207448697010136
101.01451884219583 164.00846732660878 73.75864134462503
205.74312426272886 103.24652781281581 54.1642612941249
51.81993396921696 104.48072808726592 42.90038858797846
33.80684233158769 150.98264649390336 64.84442621734836
216.93866426034245 123.14857829757199 46.95239405603501
32.97306578226482 130.9685449757217 54.98622221256986
196.3675764140989 130.89592949574958 35.034139931044734
72.1952834807083 126.14928251608919 27.914840329512284
53.582732558194905 157.55452326565012 45.27955096402093
40.5371334414123 180.6605462040807 64.24348818318111
203.39741218389707 166.229717398879 19.535588062102818
187.4355574235365 82.30140670751776 42.460399914194234
94.88008902243804 150.13951325293635 32.1039279515613
81.06013212919898 127.06409301404774 38.860500948438286
181.91893386291278 191.40118577168974 66.12714991692573
81.98774368138378 112.00097188032511 39.99572220646163
41.33760452137551 140.82455416462997 37.07015668028169
179.94465117376527 152.38648921510853 21.542625112183714
175.81790232309973 176.0891607802117 29.200960170918165
172.96926993739675 170.16993348004323 17.867444906233064
59.09669618260045 145.00741855536256 41.48934830586152
171.6586306610954 173.82156897664328 27.917019018621627
85.3770471365503 128.12331859759132 33.84294313261418
37.55995209485308 158.86555281908304 38.16877539595508
193.7189758099545 179.151607969821 20.42116238409899
187.50004850108172 82.18908746501262 46.97100766104915
68.15344883184068 117.19710129597595 59.394937014937035
95.73765785042444 180.50620707954715 25.88276485049807
39.996195784782685 110.7924827339361 63.01231796680821
65.9608651987765 133.94412078380748 17.921117981555522
185.55018035301617 184.55867180837828 36.65793304936197
92.47679318584565 152.50029330777664 7.056991315519025
67.49358472078707 150.96708068167118 25.7469737746084
177.8333038626349 154.99743795786338 5.446191343903952
199.93721399257862 143.86973382898483 21.673688581837638
76.69851355138321 145.83580880483822 30.14608920130114
181.85099276022538 151.23555256856307 22.700875199047605
38.19045760965405 133.952126437951 69.72776622972191
209.71677694849313 181.97849216268636 25.794777570611284
74.19491721837889 104.05619957853303 44.136340092368286
191.80955033811216 121.20666044953744 37.46923698290929
183.1710097867823 90.8139077817432 47.737393446222185
201.3047422307022 140.53555391034598 30.356075223955173
165.00347884161832 131.002931507051 14.584133491466345
