64.25552325611984 188.00085596379049 65.83960399205505
166.0 125.0 25.0
77.09444785110477 132.33606255485782 22.236424585936845
63.77550226961229 177.1081658618783 66.00702758633744
35.850881051516055 142.972667060081 52.9815562628862
161.0 181.0 9.0
185.0 199.0 73.0
100.20242505821174 206.5834307525074 44.38193051310138
47.93215701114659 112.76885893509952 46.98664679739118
45.074643543540816 186.82235529680597 51.032000703476136
82.2171968419841 207.59600062131813 61.97689542670167
230.0 152.0 69.0
89.38166549518272 176.79432557577798 37.19044765503815
166.0 178.0 17.0
65.74432382454005 83.06929769580135 59.705156586968414
53.831625813582875 105.82511122545371 33.986501937180954
100.99322439321773 166.0105859032754 67.00053030265528
69.62277356213748 173.3058201309102 35.73267898493517
232.0 129.0 66.0
83.08541167143753 200.9232192982237 23.95747816310361
160.0 184.0 21.0
197.0 173.0 71.0
157.0 152.0 13.0
74.3465513592635 160.4350721862192 56.09120907715554
176.0 200.0 40.0
63.853711164213685 196.94494554157362 37.028868366619335
175.0 182.0 83.0
206.0 142.0 38.0
224.0 125.0 40.0
79.29324671223064 138.03232177916558 24.029369319776105
159.0 196.0 34.0
195.0 180.0 33.0
166.0 191.0 73.0
215.0 170.0 29.0
88.25368634989704 198.4791760496977 32.14487488676634
46.97509467671057 108.03537669410287 37.993586718022044
81.00813635044074 106.99090069611668 57.996842113440515
63.98788217564443 197.00982494662935 22.007412859410273
169.0 194.0 70.0
179.0 177.0 17.0
64.60400311373844 118.74983573522461 40.49474440450237
82.03516176451512 183.99724185963981 10.822657529269554
48.66735804628589 170.20677134965084 60.783284401060925
50.15081874989488 162.62676766767603 56.971148323573466
87.27009009702026 188.86626155543934 25.729294029820863
173.0 209.0 56.0
178.0 183.0 47.0
226.0 165.0 68.0
201.0 144.0 47.0
48.88257211393861 190.34054396904122 73.9099012851162
89.8135883782131 206.65663095108846 38.571673344389
198.0 171.0 36.0
57.98019727391753 202.02707675737395 42.99802917781011
174.0 144.0 30.0
190.0 165.0 76.0
201.0 191.0 41.0
191.0 108.0 30.0
190.0 169.0 39.0
81.91548406554207 189.51439771941625 58.58659473737006
193.0 107.0 38.0
54.02424547089902 146.01515722929526 25.001972312421973
204.0 201.0 69.0
191.0 185.0 49.0
84.1221289570198 210.9716818426044 35.97572275908857
174.0 158.0 27.0
197.0 139.0 27.0
179.0 91.0 45.0
214.0 152.0 40.0
196.0 199.0 61.0
78.46624845084845 174.42047176588946 15.573993307586871
50.19653258622183 189.84185118497462 68.07004894524283
167.0 187.0 22.0
44.851336537516566 149.31091779705523 68.2153725579639
167.0 122.0 26.0
94.72074872891831 187.605961471768 51.02733843168235
72.42427784484272 193.23355518785252 45.986929232195926
170.0 169.0 23.0
92.0176120557721 176.94857399246933 6.508816040330141
210.0 168.0 63.0
164.0 201.0 62.0
97.84810854637969 197.3450592036737 39.21809593556547
190.0 181.0 14.0
181.0 204.0 49.0
67.07858203211097 133.41108723469165 23.693967065337784
42.97651318695388 171.99813842952366 59.998378781222385
218.0 170.0 46.0
167.0 123.0 30.0
65.88276502373122 182.59674985286452 74.7712696024626
94.01531533850039 152.99974268484823 62.00176012958657
28.941212360151717 171.59882084306085 72.20240689922254
199.0 144.0 16.0
62.018503191813735 119.416710854341 24.819122881962986
181.0 203.0 60.0
65.02582256664486 177.60893575834874 56.95663076706161
71.01782005141257 210.9962893057453 63.08847490920903
200.0 101.0 44.0
54.06685460069917 187.04325711944614 39.00489113035537
35.868687650428754 135.96416854911976 50.969891986553115
203.0 188.0 55.0
186.0 98.0 45.0
68.11046093309264 177.636869882032 31.939491525819733
97.00715213394209 166.99603731199673 57.99489908326044
69.41034663871505 131.71399686402688 36.63862298958399
88.77509188443005 199.12063778188732 48.40836886732252
83.97454981371989 147.16591661235606 71.99761147412133
66.24511896371999 180.8694761712463 67.47345351605574
69.05816231739566 203.13792488073585 73.93576407486486
64.45754459531042 192.2132883324173 76.9750374229601
68.08635761339352 160.03520776436895 65.04710248726465
171.0 180.0 6.0
92.05123063425262 175.9389855822934 5.417026802194098
167.0 142.0 18.0
45.8808124347208 181.02159460023285 30.043099044762965
77.01756209387301 187.99681440975286 9.78193521134784
49.88053220349591 97.06367408823905 39.00156466512976
87.2013717439572 192.09259939937155 34.58494432291578
67.02150410783914 77.11781336146161 46.00618074495338
22.004994351344013 136.7761761703546 75.95121353453052
79.66383709045999 175.93835427447354 31.052882286092647
78.96192201167858 89.16634352309319 34.04114283817476
65.51416656779719 180.55505037778477 68.70178879707451
63.97204640959796 190.96543278684177 35.03254762349772
185.0 129.0 22.0
95.23415806472738 191.08371827906987 44.130523121857294
94.01009461211596 85.02466971987879 37.00365501679939
82.1856065056517 213.69526666180883 56.999712034227244
55.20556688140757 124.17998777606381 51.90116678652623
79.94367531249593 131.67649468692795 40.039188867199094
184.0 190.0 42.0
188.0 155.0 78.0
207.0 171.0 17.0
173.0 115.0 31.0
61.00402747357541 170.6589946223686 39.94598511539092
224.0 172.0 49.0
192.0 189.0 71.0
191.0 126.0 41.0
81.95311619265351 146.35784479600846 61.003865088617495
166.0 193.0 41.0
31.985960706738076 112.03495335136583 69.03391852831174
195.0 111.0 43.0
100.01992791050981 173.99049053621442 43.00098007912626
185.0 119.0 28.0
202.0 140.0 17.0
178.0 177.0 16.0
93.91985461911706 179.27773807378614 71.98989737583184
75.47047946035944 130.6529820623707 28.85689379173037
55.58109898663017 165.44821036023103 68.50284509778069
180.0 200.0 58.0
232.0 118.0 70.0
169.0 147.0 77.0
196.0 189.0 22.0
182.0 202.0 37.0
199.0 177.0 83.0
165.0 192.0 53.0
29.844067782133564 145.23944357744153 72.89967234896696
83.9937942463695 109.9874269593797 42.00162788886791
72.007557816312 173.99538704174168 8.703238253197137
190.0 177.0 52.0
48.99948868577764 170.99338294209926 27.96863652409769
184.0 143.0 45.0
81.85596965318526 151.58988136532815 59.00894379891993
73.9628172546092 102.27063752343368 51.01409945687085
223.0 158.0 49.0
62.06795638282838 150.60940908297493 28.966352229602812
191.0 110.0 39.0
169.0 178.0 8.0
87.98427326694053 95.98945616433801 51.002236703628526
88.24194630835129 194.49536936920265 79.6384233840706
74.0029730046076 197.99098321954398 17.991139756695734
64.00350070932271 175.9816671779996 11.875580093085851
46.29153331609381 172.3322808216863 71.67607519446939
93.05063192237652 176.95216279811538 7.5864099285213635
165.0 148.0 22.0
207.0 181.0 35.0
179.0 195.0 50.0
198.0 165.0 49.0
74.2355888301068 161.88314327432934 55.12274801119193
214.0 143.0 54.0
67.37495559009393 184.70866118825458 60.989435384329454
87.07637686188163 186.8966878786095 28.772172257863627
187.0 158.0 54.0
228.0 119.0 69.0
84.44476326951596 191.19627908068037 81.0804930050236
64.00534111259705 175.98114367784922 10.826757226338978
55.10072406369705 192.76338950680378 67.0952150110976
41.137011454645496 190.06025013300285 66.90033142686627
78.47175582339607 163.06885555116116 12.170064476411586
101.00335210953924 181.02184613949908 47.01082121751983
84.15658249322273 188.07885154133956 78.24936431008382
174.0 175.0 33.0
64.1545579255873 188.05230273457212 64.83774576475588
89.00680055575715 95.9845982828118 50.00463766643276
55.84825076768392 177.82108090202325 63.832390206288444
215.0 156.0 64.0
191.0 170.0 31.0
54.7727777280402 99.91803020097394 53.88736234557724
49.099456795836105 183.55606294161592 80.78714706022902
78.2674562581042 209.76753670424466 60.96916479172403
56.21718716106853 191.58718619346138 66.08042888165738
90.33865918581955 162.52318073215852 19.441043449411662
153.0 177.0 11.0
61.061919220305725 163.8610159436265 73.08152864897363
187.0 91.0 45.0
76.37799881037127 131.80788516332146 20.43568953886245
103.00244244744334 169.01088264833476 24.00773591398964
64.1491346683194 201.76207728606693 57.995861403793484
209.0 196.0 67.0
92.14822772263935 181.03289722570594 11.734590042030163
81.9949203265612 80.98610367120983 61.99342653922833
69.29937013967798 188.35558833567816 79.49681903261401
91.00864555620133 85.98917075231724 35.00685348544663
71.53508118593199 167.70383962080874 52.86579363120577
86.98684758796476 96.96771207080651 35.007685213361285
215.0 143.0 27.0
59.83061648964267 124.40828695573698 63.97089139470518
38.05736402771185 188.9121287567538 58.96937458618902
108.0 183.0 31.0
52.66457297912689 147.03565579012022 48.966475349232354
155.0 183.0 18.0
166.0 183.0 10.0
83.00778988074386 97.981048298487 42.99253794053344
50.05268917490618 152.8784209759746 34.00215021449221
201.0 185.0 32.0
167.0 125.0 24.0
82.24813248907076 179.64065072298348 57.047682699517075
74.77921582737717 142.91299342391824 27.181263559745318
37.99065191381966 124.09562380098907 54.97230146055282
201.0 164.0 40.0
57.063683667113686 128.11318805077798 24.07370934519799
186.0 125.0 26.0
186.0 174.0 51.0
84.25643894993118 159.39189157720978 30.483925595163015
173.0 196.0 48.0
98.0094164333401 163.9896179516166 77.99470360233755
213.0 110.0 58.0
45.10696803431485 192.28504044292683 79.00304418333923
175.0 170.0 63.0
56.035592758517 180.91126970362097 77.83723683762317
165.0 197.0 15.0
84.97521886625194 110.10007462451975 30.016208082572053
178.0 186.0 84.0
210.0 140.0 63.0
220.0 137.0 42.0
184.0 174.0 56.0
78.97160789851169 104.17338418967967 39.03280904178654
51.03493905941954 192.1074767901452 37.02680479649395
74.57153500907562 117.55929189835926 28.12175513807249
159.0 163.0 11.0
180.0 162.0 41.0
60.02124373114078 167.93511035124806 34.06344162873488
38.09520419940675 184.65927844607327 82.06769249320203
196.0 181.0 47.0
101.9962010427258 167.00627574491722 67.99974193054402
50.059186642905125 117.95171830669273 37.89357152239601
203.0 153.0 66.0
88.5266979688255 194.15932679097628 83.97911817048643
204.0 159.0 60.0
191.0 161.0 80.0
178.0 195.0 66.0
203.0 119.0 53.0
181.0 89.0 42.0
190.0 155.0 75.0
101.9946229770053 167.71597759920036 8.84349665127366
196.0 147.0 41.0
86.00385878379453 72.9833091071633 54.006059696612155
168.0 191.0 72.0
186.0 157.0 20.0
183.0 131.0 40.0
84.8188231805839 189.2629348757606 84.24388222769512
174.0 191.0 21.0
52.02210111116012 134.68591159270233 47.022973730219505
84.00838981396437 145.13545242924883 67.0064376406494
222.0 122.0 67.0
219.0 158.0 71.0
85.09675663248389 149.18707622800335 20.861248663197607
164.0 192.0 27.0
62.004870339161755 147.65526803757604 16.915516027450266
198.0 146.0 42.0
181.0 126.0 41.0
70.01590683942145 215.0439409069513 38.00247118981773
228.0 153.0 44.0
93.37491259183179 188.60228409044592 19.97800709400296
221.0 159.0 70.0
56.181023533607664 132.11181854197412 49.905897101209135
86.00922334586373 117.06998289603685 30.009519239447283
63.04553595770728 206.12041482997327 69.98620132305969
186.0 164.0 14.0
38.892202662845364 180.13707228924042 41.00474109019785
104.85984164018727 169.80178947679997 58.90589795819636
204.0 163.0 38.0
66.54389488032064 173.56101338319505 63.00831611882205
188.0 179.0 16.0
73.05839557680012 201.04369805153857 28.9846658647755
34.53530239967981 146.8872824200725 50.03242289671994
215.0 153.0 42.0
88.17392154465348 181.22510993454466 72.87861073739161
225.0 142.0 77.0
74.15899124064347 204.799256957906 66.00543093361199
65.63842807333135 118.12871701745966 58.04345292007461
221.0 133.0 61.0
