356.8443984428855 307.66828634345154 70.18715119809119
240.21815089422194 298.7369086142399 76.63538918584264
228.81701887232632 298.40381500910576 39.856730961995574
233.80358745266423 258.71076476778546 80.47419085069485
211.8401656435057 268.27341933154975 47.143323186162625
233.99658669221827 304.9196863243114 35.971756787251074
191.56412802844596 236.76591390190234 58.812974644237734
364.0684562818753 252.2156682865405 39.392199034022745
170.2550573009427 292.777070367656 82.96355208452958
246.83101715240795 278.2827845864902 84.18387706843579
380.3009270596529 286.40939528337293 77.7045423863115
230.91500015566467 277.2189462861451 85.46114400428026
255.4258043122149 269.2715601431033 30.727896056143862
205.00883454608774 256.43965429400265 66.8826917652807
355.1829011597132 294.5768370676105 41.9858662381155
250.40802846756367 262.47705450127194 23.277684631101984
187.8706569595555 286.9065466683898 80.10224533888474
333.40095841411556 277.76186801384523 71.40850483181349
209.4384182027231 302.05762482600426 82.73166758120419
386.38869171559526 270.7424590943172 53.690090490117726
236.7268876812038 304.9461263579159 31.287077838728145
396.39463683428835 245.67561977351212 74.19939229452508
216.2622423804061 280.1668113712159 80.34118950321015
349.4224104510909 317.8436534075192 55.40597363498781
222.8744003140518 305.1080691110949 62.479206182286624
363.10128257941176 301.72468323717345 61.21862051744144
350.0106678872958 304.71298143195605 49.22179354422832
223.82362132893041 297.35116329846005 33.86402108912391
189.37401749628117 191.48509871681426 58.193135483637896
241.42740243630845 294.493204884979 89.88244510755376
212.9525336070032 279.4634732179017 47.78646778770311
182.02430376045123 247.92947615110657 68.78341939455595
242.33166252167248 293.13458667363557 57.358356921818924
169.25422447421974 250.66175427807835 69.28935254701815
351.18074141718756 299.62373116249057 86.20779875276246
245.34111230599456 258.2425318335049 35.226653993220715
225.32826571730166 271.915388497406 25.83417037601918
196.5986425432182 307.83343465748186 83.38670139107303
211.92973239256676 306.9051043966696 63.806523500591894
209.0009623249867 303.604232252298 67.9426995484894
213.80617713452057 276.6713337622461 63.737696737532545
339.3046142058405 234.91289481271326 30.561990821329
336.2432786214981 259.2575647794592 27.146342880835483
181.12306716820146 257.30009040234097 49.37727028710984
385.23837824465073 271.2614675521566 61.08507549675636
184.6547909697074 217.45105234846557 64.41394641341078
386.1426443343107 281.05990088720006 73.36884564064579
220.35522784623106 235.28521374476583 65.012517403311
246.4449141967866 307.93387581038445 54.1284804304847
222.06797291098414 295.9002857032798 31.268088362650428
377.21563018086505 224.1376768720233 59.239754299591105
233.79309299966403 291.3735183642315 44.59762614589789
197.58024363360383 261.8857509900283 52.720058566125296
375.5256044961145 283.21196689896175 60.92497484490546
183.18228394631407 270.6465865662195 62.10796444621378
339.0596466723004 252.70272006159834 31.899224357963266
235.59936875572333 311.9936500172653 59.912424847867655
391.6578052716403 247.26951629431528 76.50126081102619
187.01222341298313 274.856881210891 63.14147541950827
261.8915852544239 283.82514956139715 47.84200033804665
362.3357283918182 271.2907406492946 50.883032429871996
207.47368018808103 249.84687665624259 74.01435824406876
246.36815416783415 260.32547597479964 24.062823125323664
164.98969510747443 225.27284049813497 71.97930216467641
196.92059130933302 224.1215122361182 42.72149581988089
207.28666244104235 297.6125413693048 83.80463146392027
204.22296427054678 245.21276592756297 58.67869135886524
402.39270802292276 249.91255998754056 67.36696824180129
334.3035776231789 282.9583270998105 67.56502219289465
200.8490754477326 294.84420352917004 46.49182922044824
337.0800703373265 282.69084584544964 30.184003677555374
351.66259994135453 296.46894074412756 60.79075917694162
348.83483539239165 306.62026757106634 72.70332888780698
342.4284725549295 233.85924054041615 41.73729682257761
184.2317602346873 298.31334738091863 69.64695990007186
233.85796193203277 309.5845026781015 39.588430510131346
190.94748330418872 297.01902459336645 59.03573648704402
167.87348580697395 235.05460681346443 70.60606699178136
217.24586966430346 288.02976028283626 38.07740466172297
220.9939084962073 298.7119339679828 64.30239221228308
326.9925674220278 293.3354126221797 49.212595352651974
225.00457495309004 256.00312229626496 41.00133010214158
217.02919383735173 254.49057914577935 28.276297536495374
203.33720414327615 211.3533077553141 50.789073941050056
221.2128732013397 306.67613034744306 61.156150888244916
334.87339447400507 279.55694412962674 66.22865130368086
244.5330187565359 301.78603480709074 37.790433633923286
232.9086283465539 266.57759322488926 24.243346724030296
194.44234211531125 238.13149238949282 45.627252714725515
233.87471898160217 263.17950579894 18.43015822933229
327.4252891805108 295.66840955892917 49.72226325375728
388.2224069894126 241.75385324015508 56.23090780355358
383.163262346544 289.51636498651817 64.24592846249438
232.77365012441717 272.9067896638381 26.66984265200578
343.67026346948 244.16496863377336 31.076274293594366
334.8718265478609 281.3117998216441 58.88706403139783
210.72129267067973 313.3925254020955 82.41076114815945
396.9778913649483 260.00976438315377 72.80408234765237
217.5002880711918 238.41946493107434 38.955598011419305
393.74790961140775 260.58998124513045 89.72568273811838
198.01044832869383 309.4107138160957 65.90293239539669
329.49598987957467 261.68034050341885 26.059162753857244
338.3515058573067 289.04991300349434 35.38526016786028
223.1062785862476 290.0280988766739 83.72857899458658
338.7529161252508 306.937750458981 79.38740018296562
360.1805814417234 309.5916979571319 67.22433333608507
354.8358405767372 289.82336085125155 75.4588087547349
335.6250236542552 277.32615568096185 76.73353540460221
261.903632965694 282.1522172182438 34.879490742993
375.77176870872364 299.2564565686658 86.00201160518392
172.21645161570714 259.20706260484434 68.16809041443602
339.4718486528932 253.93791628953238 21.31240347940132
342.7848724153143 286.22345180258804 83.80431079755623
387.14766802981893 239.90841086358742 57.242261692097856
338.1971229316412 282.31389236561586 75.13020094907438
371.51795125367653 272.6680821049795 42.42825165413176
254.3371549144571 279.4269874362135 40.36941305491285
235.40443421935703 311.2188906434138 72.46194319521928
338.5482159436513 305.5750241570895 48.25492866862107
267.7850598256016 275.5404665469293 32.50096077251527
186.8564139055737 233.0222033084795 62.94688445228741
244.42854745842365 297.06761045547603 66.96350035536693
189.31373047364113 225.24693485899473 62.084493217290415
191.9025206246563 247.14286699552895 68.82067258832211
341.9431519336132 281.21001293106013 22.47034287180697
352.2752426444419 291.198465606057 85.3306253529565
253.80028854663837 277.10074635037864 79.4327773462424
344.6641099502856 300.27784425648304 84.99992223696003
187.6534660098459 308.15905987915335 76.0954006163503
190.8061605794049 278.2693572449158 47.993375229379794
194.44450336269742 299.1568175642786 76.77635534113479
354.21925817107024 299.3023741359672 59.079624058235716
233.06740393704294 274.44652995072863 28.108121599547008
344.2408219828139 271.04526638392224 42.501621319385016
198.31531252864994 273.15563327262623 66.2102852823367
199.62572037011404 305.7566374746216 63.02062754036136
218.2321318320682 291.59837373958777 83.85568260857143
210.58574525291797 306.9218723639175 41.290800121113996
258.5533369440667 275.9541272185108 50.356819649184736
354.2646057721989 211.9066999279481 42.134057644960755
195.80252540674218 255.57772494138345 72.68462734822914
178.0722155828986 291.9736220955016 69.97575179857868
213.9937899927407 299.8066807174508 55.73811068815946
330.6012916841915 290.2046836268142 53.36101160350414
216.73843098059666 307.79306456839197 45.6466220465657
208.38427116072145 284.85433327275945 49.74044591905051
234.1546735996287 314.3794149230964 58.888294970581946
349.85896971211776 308.1625208395174 62.71291090549411
349.4813609268389 243.17646942736977 27.49911277005379
379.98360017032377 261.1438914934336 58.6242075750647
374.06275920163216 231.1123608495901 50.60085822773659
331.3419679064673 295.9471222285715 35.89370650656317
240.67489606191245 275.3040725540592 24.68806789890094
322.28484359438903 265.90296346565856 25.7321930244375
203.86418161265738 309.3137144862716 66.49167248657132
237.64650852985193 298.4708239536889 31.376373343325632
343.9566298536006 247.9354658249049 33.798497146715576
203.09667401035549 303.2076933610777 49.681110828170056
348.05266470912574 307.0489759556092 74.52426130637694
218.24865326838034 271.5746806286632 69.71490296191996
224.57049408935845 307.6562699236812 36.38958367089025
233.1673445368669 281.30579497043954 83.12798718110542
388.90543273723443 276.11540008195107 75.50933462285272
354.17203668267666 285.0486309732338 45.20036662402275
369.18294814645 300.406161205871 59.83250982141349
334.83807077995243 250.18294543852116 28.227604539387755
218.09542065075465 235.40953712588973 73.91861922736592
237.9410388154353 286.4933110477374 58.78304231415726
215.12573738460873 290.69196515827247 78.07706052247136
382.1253757272369 287.93043504314556 82.54644444438803
171.44307490478056 272.81537462762697 78.90712096452177
217.07868642346133 305.1762213284343 88.5767899819635
339.1100061189449 271.72586660945177 19.28909477394185
230.50565979595152 305.9119867195908 42.21194297651364
347.76547544505024 304.0341035774284 49.50626297497435
197.34631500511642 209.3741988202158 55.49590731293789
243.0317786521729 251.28196765798833 26.21229549065849
358.22738062813494 245.61600940386666 33.77847305803321
381.893701635645 290.87446462830457 93.04834871619906
235.14568757737953 255.05535143752198 21.99403400498647
198.44946981904798 312.9037254511322 58.503739942785096
347.92211045613226 277.1906732712897 29.42320793169235
390.8229925987412 274.8274970701771 67.08539424664006
227.57660985669 290.3233637780953 28.412638247319904
359.2052725821713 256.04472957652985 35.64249802716551
239.8426918020228 293.1674506862772 86.61104917809595
370.1646228629783 284.24087391201033 47.63036996789551
205.10789318246864 310.44608546073977 71.49124209186348
394.2656563167657 275.2307627789608 90.06715283165701
201.46022658992865 213.59045123599358 52.71968543862299
248.5927773650854 271.49407748921374 81.38291764318878
233.9079866244472 284.5637763226345 66.69976649842042
401.0574490555239 253.94265116864798 63.59606683948735
228.99755302217264 301.99391867209044 56.993165687976216
241.14142618897432 264.00589018963365 31.382487235991533
352.41326292193054 292.1797833141513 61.88592173009631
210.9374842177808 227.03437475642366 53.720063210085925
219.3890525858576 281.4472585146805 34.460087846054336
240.40640790235682 297.18865582377094 31.727559884539865
195.62368560394322 228.34471478310658 44.412711575951064
162.67554760665655 244.35853760037187 75.02439226726362
374.2703639998333 307.3531698889169 71.28949589207593
195.3128941927905 294.34355656610416 40.395606231484436
335.2998408369971 285.39101460087574 79.35071357868281
191.92580234271838 286.1389020363377 52.03391196364676
342.43387382666674 270.1577584052383 86.9699023853239
357.8753406409995 298.87387066793997 57.920863349447096
355.9170083378863 301.5603832940449 55.009945150839975
389.70634927879183 278.15483271571657 71.5367353838759
186.30689383817133 197.5429566392674 62.78537139420056
262.2891882846312 273.54883665067666 26.485458840134324
181.36799884633186 219.18253418900852 56.39752601910845
207.01645401190035 260.44704142685066 35.70085755260434
231.39108081967564 305.6404145140903 83.89897538981964
339.3253348715668 243.22298659861963 28.162396132538984
254.605674162318 271.8598319530102 23.111553265553592
211.4540500065541 278.4917845508481 40.552421031978014
374.09013899749897 278.2542105486023 74.75506091259963
340.1223451226589 279.1409772162084 71.20854551828346
355.46510931178545 248.55124137551923 36.251224295096
348.02347476567155 302.15230570060055 50.333798239314554
213.83423685136373 292.7338218101146 37.76141493156379
375.795430546686 281.6206030729348 89.8081365460099
197.7607579258455 306.44102528780525 88.49194367584384
225.743191894607 311.3831762500311 45.790799274748565
220.6592269385969 307.4315363437948 83.29607260920838
344.63665496194284 291.74678357169 84.17083034096818
357.26622298515235 264.69009241916297 25.94801323008928
189.18695647027926 221.90440241383897 59.672848852215346
371.4648032033647 256.92842554330537 44.65463312289778
337.68118692801886 257.7574873828869 21.757430369944473
212.85165311614406 281.80636323691004 57.34566501786373
383.9139785929524 289.89614454838477 55.753816860110355
354.59308592143924 281.4833625168423 26.30827945393787
350.2133902515085 302.259901079589 91.17046473623796
365.83898113452267 289.7803226228144 38.319281073045985
208.0349617711043 306.2496038724052 74.44085717658736
329.81870663919176 290.0595344345783 53.48344991836194
379.636472432552 288.6031095238599 46.69219330934517
235.98568488023037 247.1325699693701 27.93149285965833
371.3406579984782 297.30670468492536 84.62877498141157
224.0792609515969 240.908348197954 76.62671374585116
236.13702299252202 289.0282127330173 75.90459665968952
337.76362219809903 268.46889232507624 23.080186927414132
348.1883499961805 289.10627602642603 44.16261368577075
259.88079339394176 271.84745202959573 34.63751675855303
196.96565568227967 253.9521788694141 43.33125516358444
217.62337309070793 308.9196595657626 71.25164214351332
216.55215636696317 246.88719147477536 71.35875371788197
359.0381930172379 275.6885319012933 44.426472114701966
343.8871124473987 286.8337616928152 78.68841212582836
368.5640240078861 216.41880185726703 47.23250899397896
374.1943617431806 306.54862858992976 63.29722172747788
251.87495175300964 274.78713423821944 24.90372684875231
355.7917775588507 291.67160949932435 88.0512408897461
204.00850864929575 293.0588673963959 62.783415072632216
338.8469440033592 267.10670019958854 84.04769692769926
207.06871711144424 302.3867102240366 41.89200863055047
217.92837164433442 209.38237947273169 59.253946170996734
350.6396747082363 203.78968846347223 48.43412368376456
238.74900825178577 288.1789222854158 44.531479386265595
350.36339874788905 300.4885590436146 39.51266407919093
253.79602893044483 266.82398812859685 22.19986408156905
377.6168217915647 221.64470612065287 60.680482762699384
208.09940205537762 299.45551850560975 82.65886291321033
204.68723041262362 236.5960666309382 56.51468315928912
217.75121453472747 304.95863305718603 57.503564234582015
187.52764145814888 224.59525360769564 46.89173537822151
232.20532054771618 267.3341103832425 27.093045178357055
332.0340043703575 273.6989745146129 27.614928792014734
238.80385669363824 182.79034429518472 52.90783077931076
176.6486790674846 244.33388615775087 53.55134816486082
348.2195486592908 312.7586369902564 50.51225687744017
183.7922979413892 274.91494807563794 50.170754108109264
351.1332820536537 293.60008969445016 79.37759981844577
345.5714553045959 302.5270647124045 81.8687535328317
364.9432528060979 285.8799335420889 35.8565220238298
221.4100048903329 216.13067953001317 64.5392804629801
370.80211960882895 264.6336494044764 55.442375296700284
385.54203430840977 283.27028468078544 66.46812112744807
217.37734327937187 319.36267200488084 80.31192018414136
349.2064282173932 189.19693339277543 47.8784138150647
189.71927079042985 229.3703385870528 64.8077094218542
362.2257999728729 253.51562655726391 42.77356132813337
171.03236555006586 236.96601720527977 56.99260139196801
339.9963312099899 280.01242891912284 38.00477971595459
370.45870514593645 284.4831190702045 48.93521468060312
336.39195551723 306.9792078809335 58.336998578892306
203.66375288039907 275.747556535165 52.038942164299556
237.3575628104939 309.9737413290182 72.32448585075669
194.03447652459107 226.4489529866503 47.00711000300126
248.73157481092647 294.4010484982951 44.045464227100396
256.0779656331696 268.7998161329158 38.03839990665141
400.97180211398 256.7627157370363 74.35039740725266
354.04411778232475 284.00009975688454 29.37329345964475
353.09182018036125 292.0915402323712 36.076653482225
357.6056247847951 284.91115482729174 92.09523899973456
357.95415015196573 257.76945112456895 36.37748205770552
344.7428615815942 274.8315025144905 86.71926723321589
241.3945636402308 252.4069958309877 28.261433141783858
